112.00 67.00
112.00 65.00
112.00 63.00
112.00 61.00
112.00 59.00
112.00 58.00
112.00 56.00
112.00 54.00
112.00 52.00
112.00 51.00
112.00 49.00
112.00 47.00
112.00 45.00
113.00 44.00
114.00 42.00
115.00 41.00
116.00 40.00
117.00 39.00
119.00 39.00
120.00 39.00
121.00 39.00
123.00 39.00
124.00 39.00
126.00 39.00
128.00 40.00
129.00 40.00
131.00 41.00
132.00 41.00
133.00 42.00
134.00 43.00
136.00 44.00
137.00 45.00
138.00 47.00
139.00 48.00
140.00 50.00
140.00 51.00
141.00 53.00
142.00 55.00
143.00 56.00
144.00 58.00
145.00 60.00
146.00 62.00
147.00 63.00
148.00 65.00
149.00 67.00
150.00 68.00
151.00 70.00
152.00 72.00
153.00 74.00
154.00 75.00
155.00 77.00
156.00 79.00
157.00 80.00
158.00 82.00
159.00 84.00
160.00 86.00
160.00 87.00
160.00 89.00
160.00 91.00
160.00 93.00
160.00 95.00
160.00 97.00
160.00 99.00
159.00 100.00
159.00 101.00
159.00 103.00
158.00 104.00
158.00 106.00
156.00 107.00
155.00 108.00
154.00 110.00
153.00 110.00
152.00 111.00
150.00 111.00
148.00 111.00
146.00 111.00
145.00 112.00
144.00 112.00
142.00 111.00
140.00 111.00
138.00 111.00
136.00 111.00
134.00 111.00
132.00 111.00
131.00 110.00
129.00 110.00
127.00 110.00
125.00 110.00
123.00 110.00
121.00 110.00
120.00 110.00
119.00 108.00
118.00 107.00
117.00 106.00
117.00 105.00
116.00 103.00
116.00 101.00
116.00 99.00
115.00 97.00
115.00 95.00
115.00 93.00
115.00 91.00
114.00 89.00
114.00 87.00
114.00 85.00
113.00 83.00
113.00 81.00
113.00 79.00
113.00 78.00
112.00 76.00
112.00 74.00
112.00 72.00
112.00 70.00
112.00 68.00
