125.40 82.80
126.40 83.20
127.60 83.60
129.20 83.80
130.20 83.80
131.40 84.00
133.00 84.60
134.80 85.40
135.80 85.60
136.80 86.00
138.40 86.60
140.20 87.20
141.60 88.60
142.20 89.40
142.80 90.40
143.60 91.00
144.40 91.60
145.60 93.00
146.00 93.80
146.60 94.80
147.20 95.80
147.80 96.80
148.40 98.60
149.00 100.20
149.00 101.20
149.20 102.20
149.20 103.20
149.40 104.20
149.20 106.00
149.00 108.00
149.00 110.00
148.40 111.80
147.60 113.20
146.20 114.60
145.20 115.00
144.40 115.60
143.40 116.20
142.40 116.80
141.20 117.20
140.20 117.60
138.80 118.40
137.20 118.80
135.60 119.40
134.00 120.00
132.40 121.00
130.80 121.60
129.00 121.80
127.40 122.40
126.00 122.60
124.60 122.80
123.40 122.80
122.40 123.00
121.40 123.00
120.40 123.20
118.60 122.80
117.20 121.40
116.00 120.40
114.80 119.60
114.20 118.80
113.60 118.00
113.00 117.00
112.40 116.20
111.60 115.40
111.00 114.60
110.40 113.60
110.00 112.80
109.20 111.40
109.00 109.60
109.00 107.60
109.00 105.60
109.00 103.80
109.00 101.80
109.00 99.80
109.20 98.00
109.80 96.40
110.40 94.80
111.40 93.40
112.20 92.00
113.40 90.80
114.20 90.20
115.20 89.60
116.00 89.00
117.00 88.40
118.40 87.60
119.80 86.80
121.60 86.00
123.20 85.40
124.80 84.80
126.40 84.20
128.20 83.80
126.80 83.20
