107.00 91.00
107.00 89.00
107.00 87.00
107.00 85.00
107.00 83.00
107.00 81.00
107.00 79.00
107.00 78.00
107.00 76.00
107.00 74.00
107.00 73.00
107.00 71.00
107.00 69.00
108.00 68.00
108.00 66.00
108.00 64.00
108.00 63.00
108.00 61.00
109.00 60.00
109.00 58.00
109.00 56.00
110.00 55.00
110.00 53.00
110.00 51.00
111.00 50.00
112.00 48.00
113.00 47.00
114.00 46.00
115.00 45.00
116.00 45.00
118.00 45.00
119.00 45.00
120.00 46.00
121.00 46.00
122.00 47.00
124.00 48.00
125.00 49.00
127.00 50.00
128.00 51.00
129.00 52.00
131.00 54.00
132.00 55.00
133.00 57.00
133.00 58.00
134.00 60.00
135.00 61.00
136.00 63.00
137.00 65.00
137.00 66.00
138.00 68.00
139.00 70.00
139.00 72.00
140.00 74.00
141.00 76.00
142.00 78.00
142.00 79.00
143.00 81.00
144.00 83.00
144.00 85.00
145.00 87.00
146.00 89.00
147.00 91.00
147.00 92.00
148.00 94.00
148.00 95.00
148.00 97.00
148.00 98.00
148.00 100.00
148.00 102.00
147.00 103.00
147.00 104.00
146.00 105.00
145.00 106.00
143.00 106.00
142.00 106.00
141.00 107.00
139.00 107.00
137.00 107.00
135.00 107.00
133.00 107.00
131.00 107.00
129.00 107.00
128.00 107.00
126.00 107.00
124.00 107.00
122.00 107.00
120.00 107.00
118.00 107.00
117.00 107.00
115.00 106.00
114.00 106.00
113.00 105.00
112.00 105.00
111.00 104.00
110.00 102.00
109.00 101.00
108.00 99.00
108.00 98.00
107.00 96.00
107.00 94.00
107.00 92.00
