102.00 102.00
101.00 100.00
100.00 99.00
100.00 98.00
100.00 96.00
100.00 95.00
100.00 93.00
100.00 92.00
100.00 90.00
100.00 88.00
101.00 87.00
102.00 85.00
103.00 84.00
104.00 83.00
105.00 82.00
106.00 81.00
108.00 80.00
109.00 79.00
110.00 79.00
111.00 79.00
113.00 79.00
114.00 79.00
116.00 79.00
118.00 79.00
119.00 79.00
121.00 80.00
122.00 80.00
123.00 81.00
124.00 82.00
125.00 83.00
126.00 84.00
127.00 85.00
129.00 87.00
129.00 88.00
130.00 89.00
131.00 91.00
131.00 92.00
131.00 94.00
131.00 96.00
131.00 97.00
131.00 99.00
131.00 101.00
130.00 102.00
129.00 104.00
128.00 105.00
128.00 107.00
127.00 108.00
125.00 109.00
123.00 110.00
122.00 111.00
120.00 111.00
118.00 111.00
117.00 111.00
115.00 111.00
113.00 111.00
112.00 111.00
110.00 110.00
109.00 109.00
108.00 108.00
106.00 106.00
105.00 105.00
104.00 104.00
103.00 103.00
