119.00 85.00
120.00 85.00
122.00 85.00
123.00 85.00
124.00 85.00
126.00 85.00
128.00 85.00
129.00 85.00
130.00 85.00
131.00 85.00
132.00 84.00
134.00 84.00
134.00 84.00
136.00 85.00
136.00 85.00
138.00 85.00
139.00 86.00
140.00 87.00
142.00 88.00
143.00 90.00
143.00 91.00
144.00 92.00
144.00 93.00
145.00 95.00
146.00 96.00
147.00 98.00
148.00 99.00
149.00 101.00
149.00 102.00
149.00 104.00
149.00 105.00
149.00 107.00
149.00 109.00
148.00 110.00
148.00 111.00
147.00 112.00
146.00 113.00
145.00 115.00
144.00 116.00
142.00 116.00
140.00 117.00
139.00 117.00
137.00 118.00
136.00 119.00
134.00 119.00
132.00 119.00
131.00 120.00
130.00 120.00
129.00 120.00
127.00 120.00
125.00 120.00
123.00 120.00
121.00 120.00
120.00 120.00
118.00 119.00
117.00 119.00
116.00 119.00
115.00 118.00
114.00 118.00
112.00 116.00
111.00 115.00
110.00 114.00
109.00 112.00
109.00 111.00
108.00 110.00
108.00 109.00
108.00 108.00
107.00 106.00
107.00 105.00
107.00 104.00
107.00 103.00
107.00 101.00
107.00 100.00
107.00 98.00
108.00 97.00
109.00 95.00
110.00 94.00
111.00 92.00
112.00 91.00
113.00 90.00
114.00 89.00
115.00 88.00
116.00 87.00
117.00 86.00
