108.00 94.00
108.00 92.00
108.00 90.00
108.00 89.00
108.00 88.00
109.00 87.00
110.00 85.00
111.00 84.00
112.00 83.00
113.00 82.00
114.00 81.00
115.00 80.00
117.00 80.00
118.00 80.00
120.00 80.00
122.00 80.00
124.00 80.00
125.00 80.00
127.00 81.00
128.00 82.00
130.00 83.00
131.00 84.00
132.00 85.00
133.00 86.00
133.00 87.00
134.00 89.00
135.00 91.00
135.00 92.00
135.00 94.00
136.00 96.00
136.00 97.00
135.00 98.00
135.00 100.00
135.00 101.00
135.00 103.00
134.00 104.00
133.00 106.00
132.00 108.00
130.00 108.00
129.00 108.00
128.00 109.00
126.00 109.00
124.00 109.00
122.00 109.00
121.00 109.00
120.00 108.00
119.00 108.00
117.00 107.00
115.00 106.00
114.00 105.00
113.00 103.00
112.00 102.00
111.00 101.00
110.00 100.00
109.00 98.00
109.00 97.00
108.00 95.00
