116.20 87.00
116.40 87.80
116.80 88.80
116.60 89.80
116.60 90.00
116.40 90.20
116.40 90.20
116.40 90.40
116.40 90.40
116.40 90.40
116.60 90.20
116.40 90.20
116.60 90.20
116.40 90.20
116.60 90.00
116.60 90.00
116.60 90.00
116.60 90.00
116.60 90.00
116.60 90.00
116.60 90.00
116.60 90.00
116.60 90.00
116.60 90.00
116.60 90.00
116.60 90.00
116.60 90.00
116.60 90.00
116.60 90.00
116.60 90.00
116.60 90.00
116.60 90.00
116.60 90.00
116.60 90.00
116.60 90.00
116.60 90.00
116.60 90.00
116.60 90.00
116.60 90.00
116.60 90.00
116.60 90.00
116.60 90.00
116.60 90.00
116.60 90.00
116.60 90.00
116.60 90.00
116.60 90.00
116.60 90.00
116.60 90.00
116.60 90.00
116.60 90.00
116.60 90.00
116.60 90.00
116.60 90.00
116.60 90.00
116.60 90.00
116.60 90.00
116.60 90.00
116.60 90.00
116.60 90.00
116.60 90.00
116.60 90.00
116.60 90.00
116.60 90.00
116.60 90.00
116.60 90.00
116.60 90.00
116.60 90.00
116.60 90.00
116.60 90.00
116.60 90.00
116.60 90.00
116.60 90.00
116.60 90.00
116.60 90.00
116.60 90.00
116.60 90.00
116.60 90.00
116.60 90.00
116.60 90.00
116.60 90.00
116.60 90.00
116.60 90.00
116.60 90.00
116.60 90.00
116.60 90.00
116.60 90.00
116.60 90.00
116.60 90.00
116.60 90.00
116.60 90.00
116.60 90.00
116.60 90.00
116.60 90.00
116.60 90.00
116.60 90.00
116.60 90.00
116.60 90.00
116.60 90.00
116.60 90.00
116.60 90.00
116.60 90.00
116.60 90.00
116.60 90.00
116.60 90.00
116.60 90.00
116.60 90.00
116.60 90.00
116.60 90.00
116.60 90.00
116.60 90.00
116.60 90.00
116.60 90.00
116.60 90.00
116.60 90.00
116.60 90.00
116.60 90.00
116.60 90.00
116.60 90.00
116.60 90.00
116.60 90.00
116.60 90.00
116.60 90.00
116.60 90.00
116.60 90.00
116.60 90.00
116.60 90.00
116.60 90.00
116.60 90.00
116.60 90.00
116.60 90.00
116.60 90.00
116.60 90.00
116.60 90.00
116.60 90.00
116.60 90.00
116.60 90.00
116.60 90.00
116.60 90.00
116.60 90.00
116.60 90.00
116.60 90.00
116.60 90.00
116.60 90.00
116.60 90.00
116.60 90.00
116.60 90.00
116.60 90.00
116.60 90.00
116.60 90.00
116.60 90.00
116.60 90.00
116.60 90.00
116.60 90.00
116.60 90.00
116.60 90.00
116.60 90.00
116.60 90.00
116.60 90.00
116.60 90.00
116.60 90.00
116.60 90.00
116.60 90.00
116.60 90.00
116.60 90.00
116.60 90.00
116.60 90.00
116.60 90.00
116.60 90.00
116.60 90.00
116.60 90.00
116.60 90.00
116.60 90.00
116.60 90.00
116.60 90.00
116.60 90.00
116.60 90.00
116.60 90.00
116.60 90.00
116.60 90.00
116.60 90.00
116.60 90.00
116.60 90.00
116.60 90.00
116.60 90.00
116.60 90.00
116.60 90.00
116.60 90.00
116.60 90.00
116.60 90.00
116.60 90.00
116.60 90.00
116.60 90.00
116.60 90.00
116.60 90.00
116.60 90.00
116.60 90.00
116.60 90.00
116.60 90.00
116.60 90.00
116.60 90.00
116.60 90.00
116.60 90.00
116.60 90.00
116.60 90.00
116.60 90.00
116.60 90.00
116.60 90.00
116.60 90.00
116.60 90.00
116.60 90.00
116.60 90.00
116.60 90.00
116.60 90.00
116.60 90.00
116.60 90.00
116.60 90.00
116.60 90.00
116.60 90.00
116.60 90.00
116.60 90.00
116.60 90.00
116.60 90.00
116.60 90.00
116.60 90.00
116.60 90.00
116.60 90.00
116.60 90.00
116.60 90.00
116.60 90.00
116.60 90.00
116.60 90.00
116.60 90.00
116.60 90.00
116.60 90.00
116.60 90.00
116.60 90.00
116.80 90.00
116.80 90.00
116.80 90.00
116.80 90.00
116.80 90.00
116.80 90.00
116.80 90.00
116.80 90.00
116.80 90.00
116.80 90.00
117.00 90.00
117.00 90.00
117.00 90.00
117.00 90.00
117.00 90.00
117.20 90.00
117.20 90.00
117.20 90.00
117.20 90.00
117.20 90.00
117.20 90.00
117.20 90.00
117.20 90.00
117.20 90.00
117.20 90.00
117.20 90.00
117.20 90.00
117.20 90.00
117.20 90.00
117.20 90.00
117.20 90.00
117.20 90.00
117.20 90.00
117.20 90.00
117.20 90.00
117.20 90.00
117.20 90.00
117.20 90.00
117.20 90.00
117.20 90.00
117.80 90.00
117.80 90.00
117.80 90.00
117.80 90.00
117.80 90.00
117.80 90.00
117.80 90.00
117.80 90.00
117.80 90.00
117.80 90.00
117.80 90.00
117.80 90.00
117.80 90.00
117.80 90.00
117.80 90.00
117.80 90.00
117.80 90.00
117.80 90.00
117.80 90.00
117.80 90.00
117.80 90.00
117.80 90.00
117.80 90.00
117.80 90.00
117.80 90.00
117.80 90.00
117.80 90.00
117.80 90.00
117.80 90.00
117.80 90.00
117.80 90.00
117.80 90.00
117.80 90.00
117.80 90.00
117.80 90.00
117.80 90.00
117.80 90.00
117.80 90.00
117.80 90.00
117.80 90.00
117.80 90.00
117.80 90.00
117.80 90.00
117.80 90.00
117.80 90.00
117.80 90.00
117.80 90.00
117.80 90.00
117.80 90.00
117.80 90.00
117.80 90.00
117.80 90.00
117.80 90.00
117.80 90.00
117.80 90.00
117.80 90.00
117.80 90.00
117.80 90.00
117.80 90.00
117.80 90.00
117.80 90.00
117.80 90.00
117.80 90.00
117.80 90.00
117.80 90.00
117.80 90.00
117.80 90.00
117.80 90.00
117.80 90.00
117.80 90.00
117.80 90.00
117.80 90.00
117.80 90.00
117.80 90.00
117.80 90.00
117.80 90.00
117.80 90.00
117.80 90.00
117.80 90.00
117.80 90.00
117.80 90.00
117.80 90.00
117.80 90.00
117.80 90.00
117.80 90.00
117.80 90.00
117.80 90.00
119.60 90.00
121.40 90.00
122.40 90.00
123.40 90.00
125.20 90.00
126.20 90.00
127.20 90.00
128.20 90.00
128.20 90.00
128.20 90.00
128.20 90.00
128.20 90.00
128.20 90.00
128.20 90.00
128.20 90.00
128.20 90.00
128.20 90.00
128.20 90.00
128.20 90.00
128.20 90.00
128.20 90.00
128.20 90.00
128.20 90.00
128.20 90.00
128.20 90.00
128.20 90.00
128.20 90.00
128.20 90.00
128.20 90.00
128.20 90.00
128.20 90.00
128.20 90.00
128.20 90.00
128.20 90.00
128.20 90.00
128.20 90.00
128.20 90.00
128.20 90.00
128.20 90.00
128.20 90.00
128.20 90.00
128.40 90.00
128.40 90.00
128.40 90.00
128.40 90.00
128.40 90.00
128.40 90.00
128.40 90.00
128.40 90.00
128.40 90.00
128.40 90.00
128.40 90.00
128.40 90.00
128.40 90.00
128.40 90.00
128.40 90.00
130.20 90.00
131.20 90.00
132.20 90.00
133.20 90.00
134.20 90.00
135.20 90.00
136.20 90.00
137.20 90.00
138.20 90.00
139.20 90.00
140.20 90.00
141.20 90.00
142.20 90.00
142.40 90.00
142.40 90.00
142.40 90.00
142.40 90.00
142.40 90.00
142.40 90.00
142.40 90.00
142.40 90.00
142.40 90.00
142.40 90.00
142.40 90.00
142.40 90.00
142.40 90.00
142.40 90.00
142.40 90.00
142.40 90.00
142.40 90.00
142.40 90.00
142.40 90.00
142.40 90.00
142.40 90.00
142.40 90.00
142.40 90.00
142.40 90.00
142.40 90.00
142.40 90.00
142.40 90.00
142.40 90.00
142.40 90.00
142.40 90.00
142.40 90.00
142.40 90.00
142.40 90.00
142.40 90.00
142.40 90.00
142.40 90.00
142.40 90.00
142.40 90.00
142.40 90.00
142.40 90.00
142.40 90.00
142.40 90.00
142.40 90.00
142.40 90.00
142.40 90.00
142.40 90.00
142.40 90.00
142.40 90.00
142.40 90.00
142.40 90.00
142.40 90.00
142.40 90.00
142.40 90.00
142.40 90.00
142.40 90.00
142.40 90.00
142.40 90.00
142.40 90.00
142.40 90.00
142.40 90.00
142.40 90.00
142.40 90.00
142.40 90.00
142.40 90.00
142.40 90.00
142.40 90.00
142.40 90.00
142.40 90.00
142.40 90.00
142.40 90.00
142.40 90.00
142.40 90.00
142.40 90.00
142.40 90.00
142.40 90.00
142.40 90.00
142.40 90.00
142.40 90.00
142.40 90.00
142.40 90.00
142.40 90.00
142.40 90.00
142.40 90.00
142.40 90.00
142.40 90.00
142.40 90.00
142.40 90.00
142.40 90.00
142.40 90.00
142.40 90.00
142.40 90.00
142.40 90.00
142.40 90.00
142.40 90.00
142.40 90.00
142.40 90.00
142.40 90.00
142.40 90.00
142.40 90.00
142.40 90.00
142.40 90.00
142.40 90.00
142.40 90.00
142.40 90.00
142.40 90.00
142.40 90.00
142.40 90.00
142.40 90.00
142.40 90.00
142.40 90.00
142.40 90.00
142.40 90.00
142.40 90.00
142.40 90.00
142.40 90.00
142.40 90.00
142.40 90.00
142.40 90.00
142.40 90.00
142.40 90.00
142.40 90.00
142.40 90.00
142.40 90.00
142.40 90.00
142.40 90.00
142.40 90.00
142.40 90.00
142.40 90.00
142.40 90.00
142.40 90.00
142.40 90.00
142.40 90.00
142.40 90.00
142.40 90.00
142.40 90.00
142.40 90.00
142.40 90.00
142.40 90.00
142.40 90.00
142.40 90.00
142.40 90.00
142.40 90.00
142.40 90.00
142.40 90.00
142.40 90.00
142.40 90.00
142.40 90.00
142.40 90.00
142.40 90.00
142.40 90.00
142.40 90.00
142.40 90.00
142.40 90.00
142.40 90.00
142.40 90.00
142.40 90.00
142.40 90.00
142.40 90.00
142.40 90.00
142.40 90.00
142.40 90.00
142.40 90.00
142.40 90.00
142.40 90.00
142.40 90.00
142.40 90.00
142.40 90.00
142.40 90.00
142.40 90.00
142.40 90.00
142.40 90.00
142.40 90.00
142.40 90.00
142.40 90.00
142.40 90.00
142.40 90.00
142.40 90.00
142.40 90.00
142.40 90.00
142.40 90.00
142.40 90.00
142.40 90.00
142.40 90.00
142.40 90.00
142.40 90.00
142.40 90.00
142.40 90.00
142.40 90.00
142.40 90.00
142.40 90.00
142.40 90.00
142.40 90.00
142.40 90.00
142.40 90.00
142.40 90.00
142.40 90.00
142.40 90.00
142.40 90.00
142.40 90.00
142.40 90.00
142.40 90.00
142.40 90.00
142.40 90.00
142.40 90.00
142.40 90.00
142.40 90.00
142.40 90.00
142.40 90.00
142.40 90.00
142.40 90.00
142.40 90.00
142.40 90.00
142.40 90.00
142.40 90.00
142.40 90.00
142.40 90.00
142.40 90.00
142.40 90.00
142.40 90.00
142.40 90.00
142.40 90.00
142.40 90.00
142.40 90.00
142.40 90.00
142.40 90.00
142.40 90.00
142.40 90.00
142.40 90.00
142.40 90.00
142.40 90.00
142.40 90.00
142.40 90.00
142.40 90.00
142.40 90.00
142.40 90.00
142.40 90.00
142.40 90.00
142.40 90.00
142.40 90.00
142.40 90.00
142.40 90.00
142.40 90.00
142.40 90.00
142.40 90.00
142.40 90.00
142.40 90.00
142.40 90.00
142.40 90.00
142.40 90.00
142.40 90.00
142.40 90.00
142.40 90.00
142.40 90.00
142.40 90.00
142.40 90.00
142.40 90.00
142.40 90.00
142.40 90.00
142.40 90.00
142.40 90.00
142.40 90.00
142.40 90.00
142.40 90.00
142.40 90.00
142.40 90.00
142.40 90.00
142.40 90.00
142.40 90.00
142.40 90.00
142.40 90.00
142.40 90.00
142.40 90.00
142.40 90.00
142.40 90.00
142.40 90.00
142.40 90.00
142.40 90.00
142.40 90.00
142.40 90.00
142.40 90.00
142.40 90.00
142.40 90.00
142.40 90.00
142.40 90.00
142.40 90.00
142.40 90.00
142.40 90.00
142.40 90.00
142.40 90.00
142.40 90.00
142.40 90.00
142.40 90.00
142.40 90.00
142.40 90.00
142.40 90.00
142.40 90.00
142.40 90.00
142.40 90.00
142.40 90.00
142.40 90.00
142.40 90.00
142.40 90.00
142.40 90.00
142.40 90.00
142.40 90.00
142.40 90.00
142.40 90.00
142.40 90.00
142.40 90.00
142.40 90.00
142.40 90.00
142.40 90.00
142.40 90.00
142.40 90.00
142.40 90.00
142.40 90.00
142.40 90.00
142.40 90.00
142.40 90.00
142.40 90.00
142.40 90.00
142.40 90.00
142.40 90.00
142.40 90.00
142.40 90.00
142.40 90.00
142.40 90.00
142.40 90.00
142.40 90.00
142.40 90.00
142.40 90.00
142.40 90.00
142.40 90.00
142.40 90.00
142.40 90.00
142.40 90.00
142.40 90.00
142.40 90.00
142.40 90.00
142.40 90.00
142.40 90.00
142.40 90.00
142.40 90.00
142.40 90.00
142.40 90.00
142.40 90.00
142.40 90.00
142.40 90.00
142.40 90.00
142.40 90.00
142.40 90.00
142.40 90.00
142.40 90.00
142.40 90.00
142.40 90.00
142.40 90.00
142.40 90.00
142.40 90.00
142.40 90.00
142.40 90.00
142.40 90.00
142.40 90.00
142.40 90.00
142.40 90.00
142.40 90.00
142.40 90.00
142.40 90.00
142.40 90.00
142.40 90.00
142.40 90.00
142.40 90.00
142.40 90.00
142.40 90.00
142.40 90.00
142.40 90.00
142.40 90.00
142.40 90.00
142.40 90.00
142.40 90.00
142.40 90.00
142.40 90.00
142.40 90.00
142.40 90.00
142.40 90.00
142.40 90.00
142.40 90.00
142.40 90.00
142.40 90.00
142.40 90.00
142.40 90.00
142.40 90.00
142.40 90.00
142.40 90.00
142.40 90.00
142.40 90.00
142.40 90.00
142.40 90.00
142.40 90.00
142.40 90.00
142.40 90.00
142.40 90.00
142.40 90.00
142.40 90.00
142.40 90.00
142.40 90.00
142.40 90.00
142.40 90.00
142.40 90.00
142.40 90.00
142.40 90.00
142.40 90.00
142.40 90.00
142.40 90.00
142.40 90.00
142.40 90.00
142.40 90.00
142.40 90.00
142.40 90.00
142.40 90.00
142.40 90.00
142.40 90.00
142.40 90.00
142.40 90.00
142.40 90.00
142.40 90.00
142.40 90.00
142.40 90.00
142.40 90.00
142.40 90.00
142.40 90.00
142.40 90.00
142.40 90.00
142.40 90.00
142.40 90.00
142.40 90.00
142.40 90.00
142.40 90.00
142.40 90.00
142.40 90.00
142.40 90.00
142.40 90.00
142.40 90.00
142.40 90.00
142.40 90.00
142.40 90.00
142.40 90.00
142.40 90.00
142.40 90.00
142.40 90.00
142.40 90.00
142.40 90.00
142.40 90.00
142.40 90.00
142.40 90.00
142.40 90.00
142.40 90.00
142.40 90.00
142.40 90.00
142.40 90.00
142.40 90.00
142.40 90.00
142.40 90.00
142.40 90.00
142.40 90.00
142.40 90.00
142.40 90.00
142.40 90.00
142.40 90.00
142.40 90.00
142.40 90.00
142.40 90.00
142.40 90.00
142.40 90.00
142.40 90.00
142.40 90.00
142.40 90.00
142.40 90.00
142.40 90.00
142.40 90.00
142.40 90.00
142.40 90.00
142.40 90.00
142.40 90.00
142.40 90.00
142.40 90.00
142.40 90.00
142.40 90.00
142.40 90.00
142.40 90.00
142.40 90.00
142.40 90.00
142.40 90.00
142.40 90.00
142.40 90.00
142.40 90.00
142.40 90.00
142.40 90.00
142.40 90.00
142.40 90.00
142.40 90.00
142.40 90.00
142.40 90.00
142.40 90.00
142.40 90.00
142.40 90.00
142.40 90.00
142.40 90.00
142.40 90.00
142.40 90.00
142.40 90.00
142.40 90.00
142.40 90.00
142.40 90.00
142.40 90.00
142.40 90.00
142.40 90.00
142.40 90.00
142.40 90.00
142.40 90.00
142.40 90.00
142.40 90.00
142.40 90.00
142.40 90.00
142.40 90.00
142.40 90.00
142.40 90.00
142.40 90.00
142.40 90.00
142.40 90.00
142.40 90.00
142.40 90.00
142.40 90.00
142.40 90.00
142.40 90.00
142.40 90.00
142.40 90.00
142.40 90.00
142.40 90.00
142.40 90.00
142.40 90.00
142.40 90.00
142.40 90.00
142.40 90.00
142.40 90.00
142.40 90.00
142.40 90.00
142.40 90.00
142.40 90.00
142.40 90.00
142.40 90.00
142.40 90.00
142.40 90.00
142.40 90.00
142.40 90.00
142.40 90.00
142.40 90.00
142.40 90.00
142.40 90.00
142.40 90.00
142.40 90.00
142.40 90.00
142.40 90.00
142.40 90.00
142.40 90.00
142.40 90.00
142.40 90.00
142.40 90.00
142.40 90.00
142.40 90.00
142.40 90.00
142.40 90.00
142.40 90.00
142.40 90.00
142.40 90.00
142.40 90.00
142.40 90.00
142.40 90.00
142.40 90.00
142.40 90.00
142.40 90.00
142.40 90.00
142.40 90.00
142.40 90.00
142.40 90.00
142.40 90.00
142.40 90.00
142.40 90.00
142.40 90.00
142.40 90.00
142.40 90.00
142.40 90.00
142.40 90.00
142.40 90.00
142.40 90.00
142.40 90.00
142.40 90.00
142.40 90.00
142.40 90.00
142.40 90.00
142.40 90.00
142.40 90.00
142.40 90.00
142.40 90.00
142.40 90.00
142.40 90.00
142.40 90.00
142.40 90.00
142.40 90.00
142.40 90.00
142.40 90.00
142.40 90.00
142.40 90.00
142.40 90.00
142.40 90.00
142.40 90.00
142.40 90.00
142.40 90.00
142.40 90.00
142.40 90.00
142.40 90.00
142.40 90.00
142.40 90.00
142.40 90.00
142.40 90.00
142.40 90.00
142.40 90.00
142.40 90.00
142.40 90.00
142.40 90.00
142.40 90.00
142.40 90.00
142.40 90.00
142.40 90.00
142.40 90.00
142.40 90.00
142.40 90.00
142.40 90.00
142.40 90.00
142.40 90.00
142.40 90.00
142.40 90.00
142.40 90.00
142.40 90.00
142.40 90.00
142.40 90.00
142.40 90.00
142.40 90.00
142.40 90.00
142.40 90.00
142.40 90.00
142.40 90.00
142.40 90.00
142.40 90.00
142.40 90.00
142.40 90.00
142.40 90.00
142.40 90.00
142.40 90.00
142.40 90.00
142.40 90.00
142.40 90.00
142.40 90.00
142.40 90.00
142.40 90.00
142.40 90.00
142.40 90.00
142.40 90.00
142.40 90.00
142.40 90.00
142.40 90.00
142.40 90.00
142.40 90.00
142.40 90.00
142.40 90.00
142.40 90.00
142.40 90.00
142.40 90.00
142.40 90.00
142.40 90.00
142.40 90.00
142.40 90.00
142.60 90.00
142.60 90.00
142.60 90.00
142.60 90.00
142.60 90.00
142.60 90.00
142.60 90.00
142.60 90.00
142.60 90.00
142.60 90.00
144.40 90.00
145.40 90.00
145.40 90.00
145.40 90.00
145.40 90.00
145.40 90.00
145.40 90.00
145.40 90.00
145.40 90.00
145.40 90.00
145.40 90.00
145.40 90.00
145.40 90.00
145.40 90.00
145.40 90.00
145.40 90.00
145.40 90.00
145.40 90.00
145.40 90.00
145.40 90.00
145.40 90.00
145.40 90.00
145.40 90.00
145.40 90.00
145.40 90.00
145.40 90.00
145.40 90.00
145.40 90.00
145.40 90.00
145.40 90.00
145.40 90.00
145.40 90.00
147.20 90.00
149.20 90.00
151.20 90.00
153.00 90.00
155.00 90.00
157.00 90.00
158.80 90.00
160.80 90.00
162.80 90.00
162.80 90.00
162.80 90.00
162.80 90.00
162.80 90.00
162.80 90.00
162.80 90.00
162.80 90.00
162.80 90.00
162.80 90.00
162.80 90.00
162.80 90.00
162.80 90.00
162.80 90.00
162.80 90.00
162.80 90.00
162.80 90.00
162.80 90.00
162.80 90.00
162.80 90.00
162.80 90.00
162.80 90.00
162.80 90.00
162.80 90.00
162.80 90.00
162.80 90.00
162.80 90.00
162.80 90.00
162.80 90.00
162.80 90.00
162.80 90.00
162.80 90.00
162.80 90.00
162.80 90.00
162.80 90.00
162.80 90.00
162.80 90.00
162.80 90.00
162.80 90.00
162.80 90.00
162.80 90.00
162.80 90.00
162.80 90.00
162.80 90.00
162.80 90.00
162.80 90.00
162.80 90.00
162.80 90.00
162.80 90.00
162.80 90.00
162.80 90.00
162.80 90.00
162.80 90.00
162.80 90.00
162.80 90.00
162.80 90.00
162.80 90.00
162.80 90.00
162.80 90.00
162.80 90.00
162.80 90.00
162.80 90.00
162.80 90.00
162.80 90.00
162.80 90.00
163.00 90.00
164.00 90.00
165.00 90.00
165.00 90.00
165.00 90.00
165.40 90.00
166.40 90.00
167.40 90.00
168.40 90.00
169.40 90.00
169.40 90.00
169.40 90.00
169.40 90.00
170.20 90.00
172.00 90.00
173.00 90.00
174.00 90.00
174.00 90.00
174.00 90.00
174.00 90.00
174.20 90.00
175.20 90.00
176.20 90.00
176.20 90.00
176.20 90.00
176.20 90.00
176.20 90.00
176.80 90.00
178.60 90.00
179.60 90.00
180.60 90.00
180.60 90.00
180.60 90.00
180.60 90.00
180.60 90.00
182.20 90.00
183.20 90.00
184.20 90.00
186.00 90.00
187.00 90.00
188.00 90.00
188.00 90.00
188.00 90.00
188.00 90.00
188.00 90.00
189.20 90.00
190.20 90.00
191.20 90.00
192.20 90.00
193.20 90.00
193.20 90.00
193.20 90.00
193.20 90.00
193.20 90.00
193.20 90.00
194.60 90.00
196.40 90.00
197.40 90.00
198.40 90.00
198.40 90.00
198.40 90.00
198.40 90.00
198.40 90.00
199.40 90.00
200.40 90.00
201.40 90.00
201.40 90.00
201.40 90.00
201.40 90.00
201.40 90.00
201.60 90.00
202.60 90.00
203.60 90.00
203.60 90.00
203.60 90.00
203.60 90.00
203.60 90.00
204.20 90.00
204.20 90.00
204.20 90.00
204.20 90.00
204.20 90.00
205.40 90.00
205.40 90.00
205.40 90.00
205.40 90.00
205.60 90.00
206.60 90.00
207.60 90.00
207.60 90.00
207.60 90.00
207.60 90.00
207.60 90.00
208.80 90.00
208.80 90.00
208.80 90.00
208.80 90.00
209.60 90.00
209.60 90.00
209.60 90.00
209.60 90.00
209.60 90.00
209.60 90.00
209.60 90.00
209.60 90.00
209.60 90.00
209.60 90.00
209.60 90.00
209.60 90.00
209.60 90.00
209.60 90.00
209.60 90.00
209.60 90.00
209.60 90.00
209.60 90.00
209.60 90.00
209.60 90.00
209.60 90.00
209.60 90.00
209.60 90.00
209.60 90.00
209.60 90.00
209.60 90.00
209.60 90.00
209.60 90.00
209.60 90.00
209.60 90.00
209.60 90.00
209.60 90.00
209.60 90.00
209.60 90.00
209.60 90.00
209.60 90.00
209.60 90.00
209.60 90.00
209.60 90.00
209.60 90.00
209.60 90.00
209.60 90.00
209.60 90.00
209.60 90.00
209.60 90.00
209.60 90.00
209.60 90.00
209.60 90.00
209.60 90.00
209.60 90.00
209.60 90.00
209.60 90.00
209.60 90.00
209.60 90.00
209.60 90.00
209.60 90.00
209.60 90.00
209.60 90.00
209.60 90.00
209.60 90.00
209.60 90.00
209.60 90.00
209.60 90.00
209.60 90.00
209.60 90.00
209.60 90.00
209.60 90.00
209.60 90.00
209.60 90.00
209.60 90.00
209.60 90.00
209.60 90.00
209.60 90.00
209.60 90.00
209.60 90.00
209.60 90.00
209.60 90.00
209.60 90.00
209.60 90.00
209.60 90.00
209.60 90.00
209.60 90.00
209.60 90.00
209.60 90.00
209.60 90.00
209.60 90.00
209.60 90.00
209.60 90.00
209.60 90.00
209.60 90.00
209.60 90.00
209.60 90.00
209.60 90.00
209.60 90.00
209.60 90.00
209.60 90.00
209.60 90.00
209.60 90.00
209.60 90.00
209.60 90.00
209.60 90.00
209.60 90.00
209.60 90.00
209.60 90.00
209.60 90.00
209.60 90.00
209.60 90.00
209.60 90.00
209.60 90.00
209.60 90.00
209.60 90.00
209.60 90.00
209.60 90.00
209.60 90.00
209.60 90.00
209.60 90.00
209.60 90.00
209.60 90.00
209.60 90.00
209.60 90.00
209.60 90.00
209.60 90.00
209.60 90.00
209.60 90.00
209.60 90.00
209.60 90.00
209.60 90.00
209.60 90.00
209.60 90.00
209.60 90.00
209.60 90.00
209.60 90.00
209.60 90.00
209.60 90.00
209.60 90.00
209.60 90.00
209.60 90.00
209.60 90.00
209.60 90.00
209.60 90.00
209.60 90.00
209.60 90.00
209.60 90.00
209.60 90.00
209.60 90.00
209.60 90.00
209.60 90.00
209.60 90.00
209.60 90.00
209.60 90.00
209.60 90.00
209.60 90.00
209.60 90.00
209.60 90.00
209.60 90.00
209.60 90.00
209.60 90.00
209.60 90.00
209.60 90.00
209.60 90.00
209.60 90.00
209.60 90.00
209.60 90.00
209.60 90.00
209.60 90.00
209.60 90.00
209.60 90.00
209.60 90.00
209.60 90.00
209.60 90.00
209.60 90.00
209.60 90.00
209.60 90.00
209.60 90.00
209.60 90.00
209.60 90.00
209.60 90.00
209.60 90.00
209.60 90.00
209.60 90.00
209.60 90.00
209.60 90.00
209.60 90.00
209.60 90.00
209.60 90.00
209.60 90.00
209.60 90.00
209.60 90.00
209.60 90.00
209.60 90.00
209.60 90.00
209.60 90.00
209.60 90.00
209.60 90.00
209.60 90.00
209.60 90.00
209.60 90.00
209.60 90.00
209.60 90.00
209.60 90.00
209.60 90.00
209.60 90.00
209.60 90.00
209.60 90.00
209.60 90.00
209.60 90.00
209.60 90.00
209.60 90.00
209.60 90.00
209.60 90.00
209.60 90.00
209.60 90.00
209.60 90.00
209.60 90.00
209.60 90.00
209.60 90.00
209.60 90.00
209.60 90.00
209.60 90.00
209.60 90.00
209.60 90.00
209.60 90.00
209.60 90.00
209.60 90.00
209.60 90.00
209.60 90.00
209.60 90.00
209.60 90.00
209.60 90.00
209.60 90.00
209.60 90.00
209.60 90.00
209.60 90.00
209.60 90.00
209.60 90.00
209.60 90.00
209.60 90.00
209.60 90.00
209.60 90.00
209.60 90.00
209.60 90.00
209.60 90.00
209.60 90.00
209.60 90.00
209.60 90.00
209.60 90.00
209.60 90.00
209.60 90.00
209.60 90.00
209.60 90.00
209.60 90.00
209.60 90.00
209.60 90.00
209.60 90.00
209.60 90.00
209.60 90.00
209.60 90.00
209.60 90.00
209.60 90.00
209.60 90.00
209.60 90.00
209.60 90.00
209.60 90.00
209.60 90.00
209.60 90.00
209.60 90.00
209.60 90.00
209.60 90.00
209.60 90.00
209.60 90.00
209.60 90.00
209.60 90.00
209.60 90.00
209.60 90.00
209.60 90.00
209.60 90.00
209.60 90.00
209.60 90.00
209.60 90.00
209.60 90.00
209.60 90.00
209.60 90.00
209.60 90.00
209.60 90.00
209.60 90.00
209.60 90.00
209.60 90.00
209.60 90.00
209.60 90.00
209.60 90.00
209.60 90.00
209.60 90.00
209.60 90.00
209.60 90.00
209.60 90.00
209.60 90.00
209.60 90.00
209.60 90.00
209.60 90.00
209.60 90.00
209.60 90.00
209.60 90.00
209.60 90.00
209.60 90.00
209.60 90.00
209.60 90.00
209.60 90.00
209.60 90.00
209.60 90.00
209.60 90.00
209.60 90.00
209.60 90.00
209.60 90.00
209.60 90.00
209.60 90.00
209.60 90.00
209.60 90.00
209.60 90.00
209.60 90.00
209.60 90.00
209.60 90.00
209.60 90.00
209.60 90.00
209.60 90.00
209.60 90.00
209.60 90.00
209.60 90.00
209.60 90.00
209.60 90.00
209.60 90.00
209.60 90.00
209.60 90.00
209.60 90.00
209.60 90.00
209.60 90.00
209.60 90.00
209.60 90.00
209.60 90.00
209.60 90.00
209.60 90.00
209.60 90.00
209.60 90.00
209.60 90.00
209.60 90.00
209.60 90.00
209.60 90.00
209.60 90.00
209.60 90.00
209.60 90.00
209.60 90.00
209.60 90.00
209.60 90.00
209.60 90.00
209.60 90.00
209.60 90.00
209.60 90.00
209.60 90.00
209.60 90.00
209.60 90.00
209.60 90.00
209.60 90.00
209.60 90.00
209.60 90.00
209.60 90.00
209.60 90.00
209.60 90.00
209.60 90.00
209.60 90.00
209.60 90.00
209.60 90.00
209.60 90.00
209.60 90.00
209.60 90.00
209.60 90.00
209.60 90.00
209.60 90.00
209.60 90.00
209.60 90.00
209.60 90.00
209.60 90.00
209.60 90.00
209.60 90.00
209.60 90.00
209.60 90.00
209.60 90.00
209.60 90.00
209.60 90.00
209.60 90.00
209.60 90.00
209.60 90.00
209.60 90.00
209.60 90.00
209.60 90.00
209.60 90.00
209.60 90.00
209.60 90.00
209.60 90.00
209.60 90.00
209.60 90.00
209.60 90.00
209.60 90.00
209.60 90.00
209.60 90.00
209.60 90.00
209.60 90.00
209.60 90.00
209.60 90.00
209.60 90.00
209.60 90.00
209.60 90.00
209.60 90.00
209.60 90.00
209.60 90.00
209.60 90.00
209.60 90.00
209.60 90.00
209.60 90.00
209.60 90.00
209.60 90.00
209.60 90.00
209.60 90.00
209.60 90.00
209.60 90.00
209.60 90.00
209.60 90.00
209.60 90.00
209.60 90.00
209.60 90.00
209.60 90.00
209.60 90.00
209.60 90.00
209.60 90.00
209.60 90.00
209.60 90.00
209.60 90.00
209.60 90.00
209.60 90.00
209.60 90.00
209.60 90.00
209.60 90.00
209.60 90.00
209.60 90.00
209.60 90.00
209.60 90.00
209.60 90.00
209.60 90.00
209.60 90.00
209.60 90.00
209.60 90.00
209.60 90.00
209.60 90.00
209.60 90.00
209.60 90.00
209.60 90.00
209.60 90.00
209.60 90.00
209.60 90.00
209.60 90.00
209.60 90.00
209.60 90.00
209.60 90.00
209.60 90.00
209.60 90.00
209.60 90.00
209.60 90.00
209.60 90.00
209.60 90.00
209.60 90.00
209.60 90.00
209.60 90.00
209.60 90.00
209.60 90.00
209.60 90.00
209.60 90.00
209.60 90.00
209.60 90.00
209.60 90.00
209.60 90.00
209.60 90.00
209.60 90.00
209.60 90.00
209.60 90.00
209.60 90.00
209.60 90.00
209.60 90.00
209.60 90.00
209.60 90.00
209.60 90.00
209.60 90.00
209.60 90.00
209.60 90.00
209.60 90.00
209.60 90.00
209.60 90.00
209.60 90.00
209.60 90.00
209.60 90.00
209.60 90.00
209.60 90.00
209.60 90.00
209.60 90.00
209.60 90.00
209.60 90.00
209.60 90.00
209.60 90.00
209.60 90.00
209.60 90.00
209.60 90.00
209.60 90.00
209.60 90.00
209.60 90.00
209.60 90.00
209.60 90.00
209.60 90.00
209.60 90.00
209.60 90.00
209.60 90.00
209.60 90.00
209.60 90.00
209.60 90.00
209.60 90.00
209.60 90.00
209.60 90.00
209.60 90.00
209.60 90.00
209.60 90.00
209.60 90.00
209.60 90.00
209.60 90.00
209.60 90.00
209.60 90.00
209.60 90.00
209.60 90.00
209.60 90.00
209.60 90.00
209.60 90.00
209.60 90.00
209.60 90.00
209.60 90.00
209.60 90.00
209.60 90.00
209.60 90.00
209.60 90.00
209.60 90.00
209.60 90.00
209.60 90.00
209.60 90.00
209.60 90.00
209.60 90.00
209.60 90.00
209.60 90.00
209.60 90.00
209.60 90.00
209.60 90.00
209.60 90.00
209.60 90.00
209.60 90.00
209.60 90.00
209.60 90.00
209.60 90.00
209.60 90.00
209.60 90.00
209.60 90.00
209.60 90.00
209.60 90.00
209.60 90.00
209.60 90.00
209.60 90.00
209.60 90.00
209.60 90.00
209.60 90.00
209.60 90.00
209.60 90.00
209.60 90.00
209.60 90.00
209.60 90.00
209.60 90.00
209.60 90.00
209.60 90.00
209.60 90.00
209.60 90.00
209.40 90.20
209.40 90.20
209.40 90.20
209.40 90.20
209.20 90.40
209.20 90.40
209.20 90.40
209.20 90.40
209.00 90.60
209.00 90.60
209.00 90.60
209.00 90.60
209.00 90.80
208.80 91.00
208.80 91.00
208.80 91.00
208.60 91.20
208.80 91.00
208.80 91.00
208.80 91.00
208.60 91.20
208.60 91.20
208.60 91.20
208.60 91.20
208.40 91.40
208.20 91.60
208.40 91.40
208.40 91.40
208.20 91.60
208.00 91.80
208.20 91.60
208.20 91.60
208.00 91.80
208.00 91.80
208.00 91.80
207.80 92.00
207.80 92.00
207.80 92.00
207.80 92.00
207.40 92.40
207.40 92.40
207.40 92.40
207.00 92.60
206.80 92.80
206.80 92.80
206.80 92.80
206.60 93.00
206.80 92.80
206.80 92.80
207.00 92.60
207.00 92.60
207.40 92.40
207.40 92.40
207.60 92.20
207.80 92.00
207.80 92.00
208.00 91.80
208.00 91.80
208.20 91.60
208.20 91.60
208.20 91.60
208.40 91.40
208.40 91.40
208.40 91.40
208.60 91.20
208.60 91.20
208.60 91.20
208.80 91.00
208.80 91.00
208.80 91.00
209.00 90.80
209.00 90.80
209.00 90.80
209.00 90.60
209.00 90.60
209.00 90.60
208.60 90.40
208.60 90.40
208.60 90.40
208.60 90.40
207.40 90.20
207.40 90.20
207.40 90.20
207.40 90.20
207.40 90.20
206.40 90.00
205.40 90.00
205.40 90.00
205.40 90.00
205.40 90.00
205.40 90.00
204.20 90.00
204.20 90.00
204.20 90.00
204.20 90.00
204.20 90.00
203.60 90.00
203.60 90.00
203.60 90.00
203.60 90.00
203.60 90.00
202.60 90.00
201.60 90.00
201.40 90.00
201.40 90.00
201.40 90.00
201.40 90.00
201.40 90.00
200.40 90.00
199.40 90.00
198.40 90.00
198.40 90.00
198.40 90.00
198.40 90.00
198.40 90.00
197.40 90.00
196.40 90.00
194.60 90.00
193.20 90.00
193.20 90.00
193.20 90.00
193.20 90.00
193.20 90.00
193.20 90.00
192.20 90.00
191.20 90.00
190.20 90.00
189.20 90.00
188.00 90.00
188.00 90.00
188.00 90.00
188.00 90.00
188.00 90.00
187.00 90.00
186.00 90.00
184.20 90.00
183.20 90.00
182.20 90.00
180.60 90.00
180.60 90.00
180.60 90.00
180.60 90.00
180.60 90.00
179.60 90.00
178.60 90.00
176.80 90.00
176.20 90.00
176.20 90.00
176.20 90.00
176.20 90.00
176.20 90.00
175.20 90.00
174.20 90.00
174.00 90.00
174.00 90.00
174.00 90.00
174.00 90.00
173.00 90.00
172.00 90.00
170.20 90.00
169.40 90.00
169.40 90.00
169.40 90.00
169.40 90.00
168.40 90.00
167.40 90.00
166.40 90.00
165.40 90.00
165.00 90.00
165.00 90.00
165.00 90.00
164.00 90.00
163.00 90.00
162.80 90.00
162.80 90.00
162.80 90.00
162.80 90.00
162.80 90.00
162.80 90.00
162.80 90.00
162.80 90.00
162.80 90.00
162.80 90.00
162.80 90.00
162.80 90.00
162.80 90.00
162.80 90.00
162.80 90.00
162.80 90.00
162.80 90.00
162.80 90.00
162.80 90.00
162.80 90.00
162.80 90.00
162.80 90.00
162.80 90.00
162.80 90.00
162.80 90.00
162.80 90.00
162.80 90.00
162.80 90.00
162.80 90.00
162.80 90.00
162.80 90.00
162.80 90.00
162.80 90.00
162.80 90.00
162.80 90.00
162.80 90.00
162.80 90.00
162.80 90.00
162.80 90.00
162.80 90.00
162.80 90.00
162.80 90.00
162.80 90.00
162.80 90.00
162.80 90.00
162.80 90.00
162.80 90.00
162.80 90.00
162.80 90.00
162.80 90.00
162.80 90.00
162.80 90.00
162.80 90.00
162.80 90.00
162.80 90.00
162.80 90.00
162.80 90.00
162.80 90.00
162.80 90.00
162.80 90.00
162.80 90.00
162.80 90.00
162.80 90.00
162.80 90.00
162.80 90.00
160.80 90.00
158.80 90.00
157.00 90.00
155.00 90.00
153.00 90.00
151.20 90.00
149.20 90.00
147.20 90.00
145.40 90.00
145.40 90.00
145.40 90.00
145.40 90.00
145.40 90.00
145.40 90.00
145.40 90.00
145.40 90.00
145.40 90.00
145.40 90.00
145.40 90.00
145.40 90.00
145.40 90.00
145.40 90.00
145.40 90.00
145.40 90.00
145.40 90.00
145.40 90.00
145.40 90.00
145.40 90.00
145.40 90.00
145.40 90.00
145.40 90.00
145.40 90.00
145.40 90.00
145.40 90.00
145.40 90.00
145.40 90.00
145.40 90.00
145.40 90.00
145.40 90.00
144.40 90.00
142.60 90.00
142.60 90.00
142.60 90.00
142.60 90.00
142.60 90.00
142.60 90.00
142.60 90.00
142.60 90.00
142.60 90.00
142.60 90.00
142.40 90.00
142.40 90.00
142.40 90.00
142.40 90.00
142.40 90.00
142.40 90.00
142.40 90.00
142.40 90.00
142.40 90.00
142.40 90.00
142.40 90.00
142.40 90.00
142.40 90.00
142.40 90.00
142.40 90.00
142.40 90.00
142.40 90.00
142.40 90.00
142.40 90.00
142.40 90.00
142.40 90.00
142.40 90.00
142.40 90.00
142.40 90.00
142.40 90.00
142.40 90.00
142.40 90.00
142.40 90.00
142.40 90.00
142.40 90.00
142.40 90.00
142.40 90.00
142.40 90.00
142.40 90.00
142.40 90.00
142.40 90.00
142.40 90.00
142.40 90.00
142.40 90.00
142.40 90.00
142.40 90.00
142.40 90.00
142.40 90.00
142.40 90.00
142.40 90.00
142.40 90.00
142.40 90.00
142.40 90.00
142.40 90.00
142.40 90.00
142.40 90.00
142.40 90.00
142.40 90.00
142.40 90.00
142.40 90.00
142.40 90.00
142.40 90.00
142.40 90.00
142.40 90.00
142.40 90.00
142.40 90.00
142.40 90.00
142.40 90.00
142.40 90.00
142.40 90.00
142.40 90.00
142.40 90.00
142.40 90.00
142.40 90.00
142.40 90.00
142.40 90.00
142.40 90.00
142.40 90.00
142.40 90.00
142.40 90.00
142.40 90.00
142.40 90.00
142.40 90.00
142.40 90.00
142.40 90.00
142.40 90.00
142.40 90.00
142.40 90.00
142.40 90.00
142.40 90.00
142.40 90.00
142.40 90.00
142.40 90.00
142.40 90.00
142.40 90.00
142.40 90.00
142.40 90.00
142.40 90.00
142.40 90.00
142.40 90.00
142.40 90.00
142.40 90.00
142.40 90.00
142.40 90.00
142.40 90.00
142.40 90.00
142.40 90.00
142.40 90.00
142.40 90.00
142.40 90.00
142.40 90.00
142.40 90.00
142.40 90.00
142.40 90.00
142.40 90.00
142.40 90.00
142.40 90.00
142.40 90.00
142.40 90.00
142.40 90.00
142.40 90.00
142.40 90.00
142.40 90.00
142.40 90.00
142.40 90.00
142.40 90.00
142.40 90.00
142.40 90.00
142.40 90.00
142.40 90.00
142.40 90.00
142.40 90.00
142.40 90.00
142.40 90.00
142.40 90.00
142.40 90.00
142.40 90.00
142.40 90.00
142.40 90.00
142.40 90.00
142.40 90.00
142.40 90.00
142.40 90.00
142.40 90.00
142.40 90.00
142.40 90.00
142.40 90.00
142.40 90.00
142.40 90.00
142.40 90.00
142.40 90.00
142.40 90.00
142.40 90.00
142.40 90.00
142.40 90.00
142.40 90.00
142.40 90.00
142.40 90.00
142.40 90.00
142.40 90.00
142.40 90.00
142.40 90.00
142.40 90.00
142.40 90.00
142.40 90.00
142.40 90.00
142.40 90.00
142.40 90.00
142.40 90.00
142.40 90.00
142.40 90.00
142.40 90.00
142.40 90.00
142.40 90.00
142.40 90.00
142.40 90.00
142.40 90.00
142.40 90.00
142.40 90.00
142.40 90.00
142.40 90.00
142.40 90.00
142.40 90.00
142.40 90.00
142.40 90.00
142.40 90.00
142.40 90.00
142.40 90.00
142.40 90.00
142.40 90.00
142.40 90.00
142.40 90.00
142.40 90.00
142.40 90.00
142.40 90.00
142.40 90.00
142.40 90.00
142.40 90.00
142.40 90.00
142.40 90.00
142.40 90.00
142.40 90.40
142.40 90.40
142.40 90.80
142.40 91.00
142.40 91.20
142.40 91.40
142.40 91.40
142.40 91.20
142.40 91.40
142.40 91.20
142.40 91.00
142.40 91.20
142.40 91.20
142.40 91.00
142.40 91.00
142.40 91.00
142.40 91.00
142.40 91.00
142.40 91.00
142.40 91.00
142.40 91.00
142.40 90.80
142.40 90.80
142.40 91.00
142.40 90.80
142.40 90.60
142.40 90.60
142.40 90.60
142.40 90.60
142.40 90.40
142.40 90.40
142.40 90.40
142.40 90.40
142.40 90.20
142.40 90.20
142.40 90.20
142.40 90.20
142.40 90.00
142.40 90.00
142.40 90.00
142.40 90.00
142.40 90.00
142.40 90.00
142.40 90.00
142.40 90.00
142.40 90.00
142.40 90.00
142.40 90.00
142.40 90.00
142.40 90.00
142.40 90.00
142.40 90.00
142.40 90.00
142.40 90.00
142.40 90.00
142.40 90.00
142.40 90.00
142.40 90.00
142.40 90.00
142.40 90.00
142.40 90.00
142.40 90.00
142.40 90.00
142.40 90.00
142.40 90.00
142.40 90.00
142.40 90.00
142.40 90.00
142.40 90.00
142.40 90.00
142.20 90.00
141.20 90.00
140.20 90.00
139.20 90.00
138.20 90.00
137.20 90.00
136.20 90.00
135.20 90.00
134.20 90.00
133.20 90.00
132.20 90.00
131.20 90.00
130.20 90.00
128.40 90.00
128.40 90.00
128.40 90.00
128.40 90.00
128.40 90.00
128.40 90.00
128.40 90.00
128.40 90.00
128.40 90.00
128.40 90.00
128.40 90.00
128.40 90.00
128.40 90.00
128.40 90.00
128.40 90.00
128.20 90.00
128.20 90.00
128.20 90.00
128.20 90.00
128.20 90.00
128.20 90.00
128.20 90.00
128.20 90.00
128.20 90.00
128.20 90.00
128.20 90.00
128.20 90.00
128.20 90.00
128.20 90.00
128.20 90.00
128.20 90.00
128.20 90.00
128.20 90.00
128.20 90.00
128.20 90.00
128.20 90.00
128.20 90.00
128.20 90.00
128.20 90.00
128.20 90.00
128.20 90.00
128.20 90.00
128.20 90.00
128.20 90.00
128.20 90.00
128.20 90.00
128.20 90.00
128.20 90.00
128.20 90.00
128.20 90.00
127.20 90.00
126.20 90.00
125.20 90.00
123.40 90.00
122.40 90.00
121.40 90.00
119.60 90.00
117.80 90.00
117.80 90.00
117.80 90.00
117.80 90.00
117.80 90.00
117.80 90.00
117.80 90.00
117.80 90.00
117.80 90.00
117.80 90.00
117.80 90.00
117.80 90.00
117.80 90.00
117.80 90.00
117.80 90.00
117.80 90.00
117.80 90.00
117.80 90.00
117.80 90.00
117.80 90.00
117.80 90.00
117.80 90.00
117.80 90.00
117.80 90.00
117.80 90.00
117.80 90.00
117.80 90.00
117.80 90.00
117.80 90.00
117.80 90.00
117.80 90.00
117.80 90.00
117.80 90.00
117.80 90.00
117.80 90.00
117.60 90.00
116.40 90.20
116.40 90.20
116.40 90.20
116.40 90.20
116.40 90.20
115.60 90.40
115.60 90.40
116.40 90.20
116.40 90.20
116.40 90.20
115.60 90.40
115.20 90.60
115.60 90.40
115.60 90.40
115.60 90.40
115.20 90.60
115.60 90.40
115.20 90.60
115.60 90.40
115.60 90.40
114.60 90.80
114.60 90.80
114.60 90.80
114.60 90.80
114.60 90.80
114.20 91.00
114.20 91.00
114.20 91.00
114.20 91.00
114.20 91.00
114.20 91.00
114.20 91.00
113.00 91.20
113.00 91.20
113.00 91.20
113.00 91.20
113.00 91.20
113.00 91.20
113.00 91.20
113.00 91.20
113.00 91.20
112.60 91.40
112.20 91.60
112.20 91.60
112.20 91.60
111.80 91.80
111.60 92.00
111.60 92.00
111.20 92.20
110.60 92.40
110.60 92.40
110.40 92.60
110.40 92.60
110.00 92.80
109.80 93.00
109.60 93.20
109.60 93.20
109.40 93.40
109.40 93.40
109.00 93.80
108.80 94.00
108.60 94.20
108.60 94.20
108.60 94.20
108.60 94.20
108.60 94.20
108.40 94.40
108.40 94.40
108.60 94.20
108.60 94.20
108.60 94.20
108.60 94.20
108.60 94.20
108.60 94.20
108.60 94.20
108.60 94.20
108.60 94.20
108.60 94.20
108.60 94.20
108.80 94.00
108.60 94.20
108.60 94.20
108.60 94.20
108.60 94.20
108.80 94.00
108.80 94.00
108.80 94.00
108.80 94.00
108.80 94.00
108.80 94.00
108.80 94.00
108.80 94.00
108.80 94.00
108.80 94.00
108.80 94.00
108.80 94.00
108.80 94.00
108.80 94.00
108.80 94.00
108.80 94.00
108.80 94.00
108.80 94.00
108.80 94.00
108.80 94.00
108.80 94.00
108.80 94.00
108.80 94.00
108.80 94.00
108.80 94.00
108.80 94.00
108.80 94.00
108.80 94.00
108.80 94.00
108.80 94.00
109.00 93.80
109.00 93.80
108.80 94.00
108.80 94.00
108.80 94.00
109.00 93.80
109.00 93.80
109.00 93.80
109.00 93.80
109.00 93.80
108.80 94.00
109.00 93.80
109.00 93.80
109.20 93.60
109.20 93.60
109.20 93.60
109.20 93.60
109.00 93.80
109.40 93.40
109.40 93.40
109.40 93.40
109.20 93.60
109.20 93.60
109.40 93.40
109.40 93.40
109.40 93.40
109.20 93.60
109.20 93.60
109.40 93.40
109.40 93.40
109.40 93.40
109.40 93.40
109.20 93.60
109.40 93.40
109.40 93.40
109.40 93.40
109.40 93.40
109.40 93.40
109.40 93.40
109.40 93.40
109.40 93.40
109.40 93.40
109.40 93.40
109.40 93.40
109.40 93.40
109.40 93.40
109.60 93.20
109.60 93.20
109.40 93.40
109.60 93.40
109.40 93.40
109.40 93.40
109.40 93.40
110.20 93.40
110.20 93.40
110.20 93.40
110.20 93.40
112.00 93.60
113.80 94.00
115.60 94.20
116.00 94.00
116.00 93.80
116.00 93.80
116.00 93.80
116.00 93.80
116.00 93.80
116.00 94.20
116.00 93.80
116.00 94.20
116.00 93.80
116.00 93.80
116.00 94.20
116.00 93.80
116.20 93.80
116.00 93.80
116.00 93.80
116.00 93.80
116.00 93.80
116.00 94.00
116.00 93.80
116.20 93.80
116.00 94.00
116.20 93.80
116.00 94.00
116.00 94.00
116.20 93.80
116.20 94.00
116.20 93.80
116.20 94.00
116.20 93.80
116.20 93.60
116.20 93.80
116.20 93.60
116.20 93.80
116.20 93.80
116.40 93.60
116.40 93.60
116.40 93.80
116.40 93.80
116.40 93.60
118.20 93.80
120.00 94.00
121.80 94.40
123.60 94.60
125.40 94.80
127.20 95.20
127.20 94.80
127.20 94.80
127.20 94.80
127.20 94.80
127.20 95.00
127.20 95.00
127.20 95.00
127.20 95.00
127.20 95.00
127.20 95.20
127.20 95.20
127.20 95.20
127.20 95.20
127.20 95.20
127.20 95.20
127.20 95.20
127.20 95.20
127.20 95.20
127.20 95.60
127.20 95.20
127.20 95.60
127.20 95.60
127.20 95.60
127.20 95.60
127.20 95.60
127.20 95.60
127.20 95.60
127.20 95.20
127.20 95.60
127.20 95.60
127.20 95.60
127.20 95.60
127.20 95.60
127.20 95.60
127.20 95.60
127.20 95.80
127.20 95.60
127.20 96.20
127.20 96.20
127.20 95.80
127.20 95.80
127.20 96.20
127.20 96.20
127.20 96.20
127.00 96.40
127.00 96.40
127.00 96.40
127.00 96.60
127.00 96.60
127.00 96.60
127.00 96.60
127.00 96.60
127.00 96.60
127.00 96.60
127.00 96.60
127.00 96.60
127.00 96.60
127.00 97.00
127.00 97.00
127.00 97.00
127.00 97.00
127.00 97.00
127.00 97.00
127.00 97.00
127.00 97.00
127.00 97.00
127.00 97.00
127.00 97.00
127.20 96.80
127.20 96.80
127.20 96.80
127.20 96.80
128.60 96.80
128.60 97.00
128.60 97.00
128.60 97.00
128.60 97.00
130.40 97.20
132.00 97.40
131.80 97.40
132.00 97.40
132.80 97.20
132.80 97.20
132.60 97.20
132.80 97.20
134.40 97.40
136.00 97.60
137.60 98.00
139.20 98.20
141.00 98.60
140.80 98.60
140.80 98.60
141.80 99.00
141.60 99.20
141.80 99.00
142.40 99.20
142.40 99.20
142.40 99.40
142.40 99.40
142.40 99.60
142.40 99.60
142.40 99.60
142.40 99.80
142.40 99.80
142.40 99.80
142.40 99.80
142.40 99.80
142.40 100.00
142.40 100.00
142.40 100.00
142.40 100.00
142.40 100.00
142.40 100.00
142.40 100.00
142.40 100.00
142.40 100.00
142.40 100.40
142.40 100.40
142.40 100.40
142.40 100.40
142.40 100.40
142.40 100.60
142.40 100.60
142.40 100.60
142.40 100.60
142.40 100.60
142.40 100.60
142.40 100.60
142.40 100.60
142.40 100.60
142.40 100.60
142.40 100.60
142.40 100.60
142.40 100.60
142.40 100.60
142.40 100.60
142.40 100.60
142.40 100.60
142.40 100.60
142.40 100.60
142.40 100.60
142.40 100.60
142.40 100.80
142.40 100.80
142.40 100.80
142.40 100.80
142.40 100.80
142.40 100.80
142.40 100.80
142.40 100.80
142.40 100.80
142.40 100.80
142.40 100.80
142.40 100.80
142.40 100.80
142.40 100.80
142.40 100.80
142.40 101.00
142.40 101.00
142.40 101.00
142.40 101.20
142.40 101.20
142.40 101.20
142.40 101.20
142.40 101.20
142.40 101.60
142.40 101.60
142.40 101.60
142.40 101.20
142.40 101.60
142.40 101.60
142.40 101.60
142.40 101.20
142.40 101.60
142.40 101.60
142.40 101.60
142.40 101.60
142.40 101.60
142.40 102.00
142.40 101.60
142.40 102.00
142.40 102.00
142.40 102.00
142.40 101.60
142.40 101.60
142.40 102.00
142.40 102.00
142.60 102.60
142.40 102.40
142.60 102.60
142.60 102.80
142.60 102.80
142.60 103.00
142.60 103.00
142.60 103.00
142.60 103.20
142.60 103.20
142.80 103.60
142.60 103.00
142.60 103.20
142.80 103.60
142.80 103.60
142.80 103.60
142.80 103.60
142.80 103.60
142.80 103.60
142.80 103.60
142.80 103.60
142.80 103.60
142.80 103.60
142.80 103.60
142.80 103.60
142.80 103.60
142.80 103.60
142.80 104.00
142.80 103.60
142.80 104.00
142.80 104.00
142.80 104.00
142.80 104.00
142.80 104.00
142.80 104.00
142.60 104.20
142.80 104.00
142.60 104.20
142.60 104.20
142.60 104.20
142.80 104.00
142.60 104.20
142.60 104.20
142.80 104.00
142.80 104.00
142.60 104.20
142.60 104.20
142.60 104.20
142.80 104.00
142.60 104.20
142.80 104.00
142.60 104.20
142.80 104.00
142.60 104.20
142.60 104.20
142.80 104.00
142.80 104.00
142.80 104.00
142.80 104.00
142.80 104.00
142.80 104.00
142.80 103.80
142.80 103.80
142.80 103.80
142.80 103.80
142.80 103.80
142.60 103.20
142.60 103.20
142.60 102.60
142.60 102.60
142.60 102.60
142.60 102.80
142.40 102.40
142.60 102.60
142.40 102.40
142.60 102.60
142.60 102.80
142.60 102.60
142.60 102.60
142.60 102.80
142.60 102.80
142.60 102.80
142.60 102.60
142.60 102.60
142.40 102.40
142.60 102.60
142.40 102.40
142.40 102.40
142.40 102.00
142.40 102.40
142.40 102.00
142.40 102.40
142.40 102.00
142.40 102.00
142.40 101.60
142.40 102.00
142.40 102.00
142.40 101.60
142.40 101.60
142.40 101.60
142.40 101.60
142.40 101.60
142.40 101.60
142.40 101.60
142.40 101.20
142.40 101.60
142.40 101.60
142.40 101.60
142.40 101.60
142.40 101.60
142.40 101.60
142.40 101.60
142.40 101.60
142.40 101.20
142.40 101.00
142.40 101.00
142.40 101.00
142.40 101.20
142.40 101.00
142.40 101.00
142.40 101.00
142.40 101.00
142.40 101.00
142.40 101.00
142.40 101.00
142.40 101.00
142.40 101.00
142.40 101.00
142.40 101.00
142.40 101.00
142.40 101.00
142.40 101.00
142.40 101.00
142.40 101.00
142.40 101.00
142.40 101.00
142.40 101.00
142.40 101.00
142.40 100.80
142.40 100.80
142.40 100.80
142.40 100.80
142.40 100.80
142.40 100.60
142.40 100.60
142.40 100.40
142.40 100.40
142.40 100.40
142.40 100.40
142.40 100.40
142.40 100.40
142.40 100.40
142.40 100.40
142.40 100.20
142.40 100.20
142.40 100.20
142.40 100.20
142.40 100.20
142.40 100.20
142.40 100.20
142.40 100.20
142.40 100.00
142.40 100.00
142.20 100.00
141.20 99.80
140.20 99.60
140.40 99.40
139.40 99.20
138.40 99.00
139.00 98.80
137.40 98.40
135.80 98.20
134.40 98.00
134.40 98.20
133.80 97.80
132.80 98.00
132.80 98.00
132.60 98.00
131.60 97.80
130.60 97.60
128.80 97.40
128.80 97.40
128.80 97.40
128.80 97.40
128.80 97.20
127.20 97.20
127.20 97.20
127.20 97.20
127.20 97.20
127.00 97.40
127.00 97.40
127.00 97.40
127.00 97.40
127.00 97.20
127.00 97.20
127.00 97.20
127.00 97.20
127.00 97.20
127.00 97.20
127.00 97.00
127.00 97.00
127.00 97.00
127.00 97.00
127.00 96.80
127.00 96.80
127.00 96.60
127.00 96.60
127.00 96.60
127.00 96.60
127.00 96.60
127.00 96.60
127.00 96.60
127.00 96.60
127.00 96.60
127.00 96.60
127.00 96.60
127.00 96.60
127.00 96.60
127.00 96.40
127.00 96.40
127.00 96.40
127.20 96.20
127.20 96.20
127.20 96.20
127.20 96.20
127.20 96.20
127.20 96.20
127.20 96.20
127.20 96.20
127.20 96.20
127.20 95.80
127.20 95.80
127.20 96.20
127.20 96.20
127.20 96.20
127.20 95.80
127.20 95.80
127.20 96.20
127.20 96.20
127.20 95.80
127.20 95.80
127.20 96.20
127.20 95.80
127.20 95.80
127.20 95.80
127.20 95.80
127.20 95.80
127.20 95.60
127.20 95.60
127.20 95.60
127.20 95.60
127.20 95.60
127.20 95.60
127.20 95.60
127.20 95.60
127.20 95.60
127.20 95.80
127.20 95.80
127.20 95.60
126.20 95.80
125.20 95.60
124.20 95.40
123.20 95.20
122.20 95.00
121.20 94.80
120.20 94.80
119.20 94.60
118.20 94.40
116.40 94.20
116.40 94.20
116.40 94.20
116.40 94.20
116.40 94.00
116.20 94.20
116.20 94.40
116.20 94.20
116.20 94.40
116.20 94.20
116.00 94.40
116.20 94.20
116.00 94.40
116.20 94.20
116.20 94.20
116.00 94.40
116.00 94.20
116.00 94.40
116.00 94.40
116.00 94.20
116.00 94.40
116.00 94.40
116.00 94.40
116.00 94.40
116.00 94.60
116.00 94.20
116.00 94.20
116.00 94.60
116.00 94.60
116.00 94.20
116.00 94.60
116.00 94.60
116.00 94.60
116.00 94.60
116.00 94.60
116.00 94.60
116.00 94.60
116.00 94.60
116.00 94.60
116.00 94.60
116.00 94.40
114.80 94.40
113.20 94.20
111.40 93.80
109.80 93.60
109.80 93.60
110.00 93.60
110.00 93.60
109.20 93.60
109.20 93.60
109.20 93.60
109.20 93.60
109.20 93.60
109.20 93.60
109.20 93.60
109.20 93.60
109.20 93.60
109.20 93.60
109.20 93.60
109.20 93.60
109.20 93.60
109.20 93.60
109.20 93.60
109.00 93.80
109.00 93.80
109.00 93.80
109.00 93.80
109.00 93.80
109.00 93.80
109.00 93.80
109.00 93.80
109.00 93.80
109.00 93.80
109.00 93.80
109.00 93.80
109.00 93.80
109.00 93.80
109.00 93.80
109.00 93.80
109.00 93.80
109.00 93.80
109.00 93.80
109.00 93.80
108.80 94.00
108.80 94.00
108.80 94.00
108.80 94.00
108.80 94.00
108.80 94.00
108.80 94.00
108.80 94.00
108.80 94.00
108.80 94.00
108.80 94.00
108.80 94.00
108.80 94.00
108.80 94.00
108.80 94.00
108.80 94.00
108.60 94.20
108.80 94.00
108.80 94.00
108.60 94.20
108.60 94.20
108.60 94.20
108.60 94.20
108.60 94.20
108.60 94.20
108.60 94.20
108.60 94.20
108.60 94.20
108.60 94.20
108.60 94.20
108.40 94.40
108.60 94.20
108.60 94.20
108.60 94.20
108.60 94.20
108.60 94.20
108.60 94.20
108.60 94.20
108.40 94.40
108.60 94.20
108.60 94.20
108.60 94.20
108.60 94.20
108.60 94.20
108.60 94.20
108.60 94.20
108.60 94.20
108.60 94.20
108.60 94.20
108.60 94.20
108.60 94.20
108.60 94.20
108.60 94.20
108.60 94.20
108.60 94.20
108.60 94.20
108.60 94.20
108.60 94.20
108.60 94.20
108.60 94.20
108.40 94.40
108.60 94.20
108.60 94.20
108.40 94.40
108.60 94.20
108.40 94.40
108.40 94.40
108.60 94.20
108.40 94.40
108.40 94.40
108.40 94.40
108.40 94.60
108.40 94.40
108.40 94.60
108.20 94.80
108.00 95.00
107.80 95.40
107.60 95.60
107.40 96.00
107.40 96.20
107.20 96.40
107.20 96.40
107.20 96.40
106.80 96.80
106.80 97.00
106.60 97.20
106.40 97.80
106.20 98.00
106.20 98.20
106.20 98.40
106.20 98.40
106.00 98.80
105.80 98.80
105.80 98.80
105.80 98.80
105.80 98.80
105.80 98.80
105.80 98.80
105.80 98.80
105.80 98.80
105.80 98.80
105.80 98.80
105.80 98.80
105.80 98.80
105.80 98.80
105.80 98.80
105.80 98.80
105.80 98.80
105.80 98.80
105.80 98.80
105.80 98.80
105.80 98.80
105.80 98.80
105.80 98.80
105.80 98.80
105.80 98.80
105.80 98.80
105.80 98.80
105.80 98.80
105.80 98.80
106.00 98.80
106.00 98.80
106.00 98.80
106.00 98.80
106.00 98.80
106.00 98.80
106.00 98.80
106.00 98.80
106.00 98.80
106.00 98.80
106.00 98.80
106.00 98.80
106.00 98.80
106.00 98.80
106.00 98.80
106.00 98.80
106.00 98.80
106.00 98.80
106.00 98.80
106.00 98.80
106.00 98.80
106.00 98.80
106.20 98.40
106.00 98.80
106.00 98.80
106.00 98.80
106.00 98.80
106.00 98.60
106.00 98.60
106.00 98.60
106.00 98.60
106.00 98.80
106.00 98.60
106.00 98.60
106.00 98.60
106.00 98.60
106.00 98.60
106.20 98.40
106.20 98.40
106.20 98.40
106.00 98.60
106.00 98.60
106.20 98.40
106.20 98.40
106.20 98.40
106.20 98.40
106.20 98.40
106.20 98.40
106.20 98.40
106.20 98.40
106.20 98.40
106.20 98.40
106.20 98.40
106.20 98.40
106.20 98.40
106.20 98.40
106.20 98.40
106.20 98.40
106.20 98.40
106.20 98.40
106.20 98.40
106.20 98.40
106.20 98.40
106.20 98.40
106.20 98.40
106.20 98.40
106.20 98.40
106.20 98.40
106.20 98.40
106.20 98.40
106.20 98.40
106.20 98.20
106.20 98.20
106.20 98.20
106.20 98.20
106.20 98.20
106.20 98.20
106.20 98.20
106.20 98.20
106.20 98.20
106.20 98.20
106.20 98.20
106.20 98.20
106.20 98.20
106.20 98.20
106.20 98.20
106.20 98.20
106.20 98.20
106.20 98.20
106.20 98.20
106.20 98.20
106.20 98.20
106.20 98.20
106.20 98.20
106.20 98.20
106.20 98.20
106.20 98.20
106.20 98.20
106.20 98.20
106.20 98.20
106.20 98.20
106.20 98.20
106.20 98.20
106.20 98.20
106.20 98.20
106.20 98.20
106.20 98.20
106.20 98.20
106.20 98.20
106.20 98.20
106.20 98.20
106.20 98.20
106.20 98.20
106.20 98.20
106.20 98.20
106.20 98.20
106.20 98.20
106.20 98.20
106.20 98.20
106.20 98.20
106.20 98.20
106.20 98.20
106.20 98.20
106.20 98.20
106.20 98.20
106.20 98.20
106.20 98.20
106.20 98.20
106.20 98.20
106.20 98.20
106.20 98.00
106.20 98.00
106.20 98.00
106.20 98.00
106.20 98.00
106.20 98.00
106.20 98.00
106.20 98.00
106.20 98.00
106.20 98.00
106.20 98.00
106.20 98.00
106.20 98.00
106.40 97.80
106.20 98.00
106.20 98.00
106.20 98.00
106.40 97.80
106.40 97.80
106.20 98.00
106.20 98.00
106.20 98.00
106.20 98.00
106.20 98.00
106.40 97.80
106.40 97.80
106.40 97.80
106.40 97.80
106.40 97.80
106.40 97.80
106.40 97.80
106.40 97.80
106.40 97.80
106.40 97.80
106.40 97.80
106.40 97.80
106.40 97.80
106.40 97.80
106.40 97.80
106.40 97.80
106.20 98.00
106.20 98.00
106.40 98.00
106.40 97.80
106.40 98.00
106.40 98.00
106.60 98.00
106.60 98.00
106.60 97.80
106.60 98.00
106.60 98.00
108.00 98.60
108.00 98.60
108.00 98.60
108.00 98.60
108.00 98.40
108.80 98.80
108.80 98.60
108.80 98.80
108.80 98.80
110.40 99.60
110.60 99.60
110.60 99.60
110.60 99.60
110.60 99.60
112.20 100.40
113.20 100.80
113.20 100.80
113.20 100.80
113.20 100.80
113.80 100.80
113.80 100.80
113.80 100.80
113.80 100.80
113.80 100.80
113.80 100.80
113.80 100.40
113.80 100.40
113.80 100.40
113.80 100.40
113.80 100.40
113.80 100.40
113.80 100.40
113.80 100.40
113.80 100.40
113.80 100.40
113.80 100.40
113.80 100.40
113.80 100.40
113.80 100.40
113.80 100.40
113.80 100.40
113.80 100.40
113.80 100.40
113.80 100.40
113.80 100.40
113.80 100.40
113.80 100.40
114.00 100.20
114.00 100.20
114.00 100.20
113.80 100.40
113.80 100.40
114.00 100.20
114.00 100.20
114.00 100.20
114.00 100.20
114.00 100.20
114.00 100.20
114.00 100.20
114.00 100.20
114.00 100.20
114.00 100.20
114.00 100.20
114.00 100.20
114.00 100.20
114.00 100.20
114.00 100.20
114.00 100.20
114.00 100.20
114.00 100.20
114.00 100.20
114.00 100.20
114.00 100.20
114.00 100.20
114.00 100.20
114.00 100.20
114.00 100.20
114.00 100.20
114.00 100.20
114.00 100.20
114.00 100.20
114.00 100.20
113.80 100.40
113.80 100.40
113.80 100.40
113.80 100.40
113.80 100.40
114.00 100.20
114.00 100.20
114.00 100.20
114.00 100.20
114.00 100.20
114.00 100.20
114.00 100.20
114.00 100.20
114.00 100.20
114.00 100.20
114.00 100.20
114.00 100.20
114.00 100.20
114.00 100.20
114.00 100.20
114.00 100.20
114.00 100.20
114.00 100.20
114.00 100.20
114.00 100.20
114.00 100.20
114.00 100.20
114.00 100.20
114.00 100.20
114.00 100.20
113.80 100.40
114.00 100.20
114.00 100.20
114.00 100.20
114.00 100.20
114.00 100.20
114.00 100.20
114.00 100.20
114.00 100.20
114.00 100.20
114.20 100.00
114.20 100.00
114.20 100.20
114.20 100.20
115.00 100.40
115.00 100.40
115.00 100.40
115.00 100.40
115.00 100.60
116.20 101.00
116.20 101.00
116.20 100.80
116.20 101.00
117.20 101.40
117.20 101.20
117.20 101.20
117.20 101.20
118.00 101.40
118.00 101.40
118.20 101.60
119.00 101.80
118.80 101.80
118.80 101.80
120.40 102.40
122.00 103.00
123.80 103.60
125.40 104.20
126.20 104.40
126.20 104.40
126.00 104.60
126.00 104.60
126.00 104.60
126.00 105.00
126.00 105.00
126.00 105.00
126.00 105.00
126.00 105.00
126.00 104.60
126.00 104.60
126.00 105.00
126.00 105.00
126.00 105.00
126.00 105.00
126.00 105.00
126.00 105.00
126.00 105.20
126.00 105.20
126.00 105.20
126.00 105.40
126.00 105.40
126.00 105.40
126.00 105.40
126.00 105.40
126.00 105.40
126.00 105.40
126.00 105.40
126.00 105.40
126.00 105.40
126.00 105.20
126.00 105.40
126.00 105.40
126.00 105.40
126.00 105.40
126.00 105.40
126.00 105.60
126.00 105.60
126.00 105.60
126.00 105.60
126.00 105.60
126.00 105.60
126.00 105.60
126.00 105.40
126.00 105.60
126.00 105.60
126.00 105.60
126.00 105.60
126.00 105.60
126.00 105.60
126.00 105.60
126.00 105.60
126.00 105.60
126.00 105.60
126.00 105.60
126.00 105.60
126.00 105.60
126.00 105.60
126.00 105.60
126.00 105.60
126.00 105.60
126.00 105.40
126.00 105.40
126.00 105.40
126.00 105.40
126.00 105.60
126.00 105.60
126.00 105.40
126.00 105.60
126.00 105.60
126.00 105.60
126.00 105.60
126.00 105.40
126.00 105.40
126.00 105.40
126.00 105.40
126.00 105.40
126.00 105.40
126.00 105.40
126.00 105.40
126.00 105.40
126.00 105.40
126.00 105.40
126.00 105.40
126.00 105.20
126.00 105.40
126.00 105.40
126.00 105.20
126.00 105.20
126.00 105.20
126.00 105.20
127.60 105.80
127.80 105.80
127.80 106.00
127.80 106.00
129.60 106.60
131.40 107.40
133.20 108.20
135.00 109.00
136.80 109.80
137.80 110.20
138.80 110.60
139.00 110.60
138.80 110.60
140.00 111.20
140.20 111.20
140.20 111.20
140.20 111.20
140.20 111.20
140.20 111.20
140.20 111.20
140.20 111.20
140.20 111.20
140.20 111.00
140.20 111.20
140.20 111.20
140.20 111.20
140.20 111.60
140.20 111.60
140.20 111.60
140.20 111.60
140.20 111.60
140.20 111.60
140.20 111.60
140.20 111.60
140.20 111.20
140.20 111.20
140.20 111.00
140.20 111.20
140.20 111.60
140.20 111.20
140.20 111.20
140.20 111.00
140.20 111.20
140.20 111.00
140.40 111.00
140.20 111.00
140.40 111.00
140.20 111.00
140.20 111.00
140.40 111.00
140.20 111.00
140.40 111.00
140.20 111.00
140.40 110.60
140.40 110.60
140.40 110.60
140.40 110.60
140.40 110.60
140.40 110.60
140.40 110.60
140.40 110.60
140.40 110.60
140.40 110.60
140.40 110.60
140.40 110.40
140.40 110.40
140.40 110.60
140.40 110.60
140.40 110.40
140.40 110.40
140.40 110.60
140.40 110.60
140.40 110.60
140.40 110.60
140.40 110.60
140.40 110.80
140.40 110.60
140.40 110.40
140.40 110.60
140.40 110.60
140.40 110.40
140.40 110.40
140.40 110.60
142.00 111.00
142.00 111.00
142.00 111.20
142.00 111.00
142.00 111.00
143.20 111.40
143.20 111.40
143.20 111.40
143.40 111.60
143.40 111.60
144.60 111.80
144.60 112.00
144.40 111.80
146.00 112.40
146.40 112.40
146.80 112.60
148.20 113.20
149.80 113.80
151.40 114.40
153.00 115.00
154.60 115.60
154.20 115.60
154.60 115.80
156.40 116.60
156.20 116.60
156.40 116.60
156.20 116.60
157.80 117.40
157.60 117.60
157.80 117.40
157.60 117.60
159.00 118.20
159.20 118.00
159.00 118.00
159.00 118.20
159.00 118.20
158.80 118.20
158.80 118.20
158.80 118.20
158.80 118.20
158.80 118.20
158.80 118.20
158.80 118.40
159.40 118.80
160.40 119.20
161.40 119.60
161.20 119.80
161.20 119.80
161.20 119.80
161.20 119.80
161.40 119.60
161.20 119.80
161.20 119.80
161.20 119.80
161.20 119.80
161.20 119.80
161.20 120.00
161.20 120.00
161.20 120.00
161.20 120.00
161.20 120.00
161.20 120.00
161.00 120.00
161.20 120.00
161.00 120.00
161.00 120.00
161.00 120.00
161.00 120.00
161.00 120.00
161.00 120.00
161.00 120.20
161.00 120.00
161.00 120.20
161.00 120.20
160.80 120.40
161.00 120.20
160.80 120.40
160.80 120.40
160.80 120.60
160.80 120.60
160.80 120.60
160.80 120.60
160.80 120.60
160.80 120.60
160.60 120.80
160.60 120.80
160.60 120.80
160.60 120.80
160.60 120.80
160.60 120.80
160.60 120.80
160.60 120.80
160.60 120.80
160.60 120.80
160.60 120.80
160.60 120.80
160.60 120.80
160.60 120.80
160.60 120.80
160.60 120.80
160.60 120.80
160.60 120.80
160.60 120.80
160.60 120.80
160.60 120.80
160.60 120.80
160.60 120.80
160.60 120.80
160.60 120.80
160.60 120.80
160.60 120.80
160.60 120.80
160.60 120.80
160.60 120.80
160.60 120.80
160.60 120.80
160.60 120.80
160.60 120.80
160.60 120.80
160.60 120.80
160.60 120.80
160.60 120.80
160.60 120.80
160.60 120.80
160.60 120.80
160.60 120.80
160.60 120.80
160.60 120.80
160.60 120.80
160.60 120.80
160.60 120.80
160.60 120.80
160.60 120.80
160.60 120.80
160.60 120.80
160.60 120.80
160.60 120.80
160.60 120.80
160.60 120.80
160.60 120.80
160.60 120.80
160.60 120.80
160.60 120.80
160.60 120.80
160.60 120.80
160.60 120.80
160.60 120.80
160.60 120.80
160.60 120.80
160.60 120.80
160.60 120.80
160.60 120.80
160.60 120.80
160.60 120.80
160.60 120.80
160.60 120.80
160.60 120.80
160.40 121.20
160.40 121.20
160.60 120.80
160.00 121.60
160.60 120.80
160.60 120.80
160.00 121.60
160.60 120.80
160.60 120.80
160.00 121.60
160.00 121.60
160.60 120.80
160.60 120.80
160.00 121.60
160.00 121.60
160.00 121.60
160.00 121.60
160.00 121.60
160.00 121.60
160.00 121.60
160.00 121.60
160.00 121.60
160.00 121.60
160.00 121.60
160.00 121.60
160.00 121.60
160.00 121.60
160.00 121.60
160.00 121.60
160.00 121.60
160.00 121.60
158.80 122.80
158.80 122.80
158.80 122.80
160.00 121.60
160.00 121.60
158.80 122.80
158.80 122.80
158.80 122.80
158.80 122.80
158.80 122.80
158.80 122.80
158.80 122.80
158.80 122.80
158.80 122.80
158.80 122.80
158.80 122.80
158.80 122.80
158.80 122.80
158.60 123.00
158.80 122.80
158.80 122.80
158.60 123.00
158.60 123.00
158.60 123.00
158.60 123.00
158.60 123.00
158.80 122.80
158.60 123.00
158.80 122.80
158.60 123.00
158.20 123.40
158.20 123.40
158.20 123.40
158.20 123.40
158.20 123.40
158.20 123.40
158.20 123.40
158.20 123.40
158.20 123.40
158.20 123.40
158.00 123.40
157.80 123.60
157.80 123.60
157.80 123.60
157.80 123.60
157.80 123.60
157.80 123.60
157.60 123.80
157.60 123.80
157.40 124.00
157.60 123.80
157.40 124.00
157.20 124.00
157.20 124.00
156.60 124.40
156.60 124.40
156.60 124.40
156.60 124.40
156.60 124.40
156.60 124.40
156.60 124.40
156.60 124.40
157.20 124.00
156.60 124.40
157.20 124.00
156.60 124.40
156.60 124.40
156.40 124.40
156.40 124.40
156.40 124.40
156.40 124.40
156.40 124.40
156.40 124.40
156.40 124.40
156.40 124.40
156.40 124.40
156.40 124.40
156.40 124.40
156.40 124.40
155.60 124.80
156.00 124.60
155.60 124.80
156.00 124.60
155.60 124.80
155.60 124.80
155.60 124.80
155.60 124.80
155.60 124.80
155.40 124.80
155.60 124.80
155.40 124.80
155.60 124.80
155.60 124.80
155.40 124.80
155.40 124.80
155.40 124.80
155.40 124.80
155.40 124.80
155.00 125.00
155.40 124.80
155.00 125.00
155.00 125.00
155.00 125.00
155.00 125.00
155.00 125.00
155.00 125.00
155.40 124.80
155.00 125.00
155.00 125.00
155.00 125.00
155.00 125.00
155.00 125.00
155.00 125.00
155.40 124.80
155.00 125.00
154.60 125.00
155.00 125.00
154.60 125.00
155.40 124.80
154.60 125.00
154.60 125.00
155.00 125.00
154.60 125.00
154.60 125.00
154.20 125.20
154.20 125.20
154.20 125.20
154.20 125.20
154.20 125.20
154.20 125.20
154.20 125.20
154.20 125.20
154.20 125.20
154.20 125.20
154.20 125.20
154.20 125.20
154.20 125.20
153.40 125.20
154.20 125.20
153.40 125.20
154.20 125.20
154.20 125.20
153.40 125.20
154.20 125.20
153.40 125.20
153.40 125.20
153.40 125.20
153.40 125.20
153.40 125.20
153.40 125.20
153.40 125.20
153.40 125.20
153.40 125.20
153.40 125.20
153.40 125.20
153.40 125.20
153.40 125.20
153.40 125.20
153.40 125.20
153.40 125.20
153.40 125.20
153.40 125.20
153.40 125.20
153.40 125.20
153.40 125.20
153.40 125.20
152.60 125.20
152.60 125.20
152.60 125.20
152.60 125.20
152.60 125.20
152.60 125.20
152.60 125.20
152.60 125.20
153.40 125.20
152.60 125.20
151.80 125.20
151.80 125.20
151.80 125.20
151.80 125.20
152.60 125.20
152.60 125.20
151.80 125.20
152.60 125.20
151.80 125.20
152.60 125.20
152.60 125.20
151.80 125.20
153.40 125.20
151.80 125.20
152.60 125.20
151.80 125.20
152.60 125.20
153.40 125.20
152.60 125.20
152.60 125.20
153.40 125.20
153.40 125.20
153.40 125.20
153.40 125.20
153.40 125.20
153.40 125.20
153.40 125.20
153.40 125.20
153.40 125.20
153.40 125.20
153.40 125.20
153.40 125.20
153.40 125.20
153.40 125.20
153.40 125.20
153.40 125.20
153.40 125.20
153.40 125.20
153.40 125.20
153.40 125.20
153.40 125.20
153.40 125.20
153.40 125.20
153.40 125.20
153.40 125.20
153.40 125.20
153.40 125.20
153.40 125.20
153.40 125.20
153.40 125.20
153.40 125.20
153.40 125.20
153.40 125.20
153.40 125.20
153.40 125.20
153.40 125.20
153.40 125.20
153.40 125.20
153.40 125.20
153.40 125.20
153.40 125.20
153.40 125.20
153.40 125.20
153.40 125.20
153.40 125.20
153.40 125.20
153.40 125.20
153.40 125.20
153.40 125.20
153.40 125.20
153.40 125.20
153.40 125.20
153.40 125.20
153.40 125.20
154.20 125.20
153.40 125.20
154.20 125.20
153.40 125.20
153.40 125.20
154.20 125.20
153.40 125.20
154.20 125.20
153.40 125.20
153.40 125.20
154.20 125.20
153.40 125.20
154.20 125.20
154.20 125.20
153.40 125.20
154.20 125.20
153.40 125.20
154.20 125.20
154.20 125.20
153.40 125.20
153.40 125.20
153.40 125.20
153.40 125.20
153.40 125.20
153.40 125.20
153.40 125.20
153.40 125.20
153.40 125.20
152.80 125.20
153.40 125.20
152.80 125.20
153.40 125.60
154.40 126.20
154.40 126.20
154.40 126.00
154.40 126.20
154.40 126.20
154.40 126.20
154.60 126.00
154.40 126.20
154.40 126.20
154.20 126.20
154.40 126.20
154.20 126.20
154.20 126.20
154.20 126.20
154.20 126.20
154.20 126.20
154.20 126.20
154.20 126.20
154.20 126.20
154.20 126.20
154.20 126.20
154.00 126.40
154.20 126.20
154.00 126.40
154.00 126.40
154.00 126.40
154.20 126.20
154.00 126.40
154.00 126.40
153.80 126.60
153.80 126.60
153.80 126.60
153.80 126.60
154.00 126.40
153.80 126.60
153.80 126.60
153.80 126.60
153.80 126.60
153.80 126.60
153.80 126.60
153.80 126.60
153.80 126.60
153.80 126.60
153.80 126.60
153.80 126.60
153.80 126.60
153.80 126.60
153.80 126.60
153.80 126.60
153.80 126.60
153.80 126.60
153.80 126.60
153.80 126.60
153.80 126.60
153.80 126.60
153.80 126.60
153.80 126.60
153.80 126.60
153.80 126.60
153.80 126.60
153.80 126.60
153.80 126.60
153.80 126.60
153.80 126.60
153.80 126.60
153.80 126.60
153.80 126.60
153.80 126.60
153.60 126.80
153.60 126.80
153.60 126.80
153.60 126.80
153.60 126.80
153.60 126.80
153.60 126.80
153.60 126.80
153.60 126.80
153.60 126.80
153.60 126.80
153.60 126.80
153.60 126.80
153.60 126.80
153.60 126.80
153.60 126.80
153.60 126.80
153.60 126.80
153.60 126.80
153.60 126.80
153.60 126.80
153.60 126.80
153.40 127.00
153.40 127.00
153.40 127.00
153.40 127.00
153.40 127.00
153.60 126.80
153.40 127.00
153.60 126.80
153.60 126.80
153.60 126.80
153.60 126.80
153.60 126.80
153.60 126.80
153.60 126.80
153.60 126.80
153.60 126.80
152.00 125.80
151.40 125.20
151.40 125.20
151.80 125.20
151.80 125.20
151.80 125.20
152.60 125.20
152.60 125.20
152.60 125.20
152.60 125.20
152.60 125.20
153.40 125.20
152.60 125.20
152.60 125.20
152.60 125.20
152.60 125.20
152.60 125.20
152.60 125.20
152.60 125.20
152.60 125.20
152.60 125.20
152.60 125.20
152.60 125.20
152.60 125.20
152.60 125.20
152.60 125.20
152.60 125.20
152.60 125.20
152.60 125.20
152.60 125.20
152.60 125.20
152.60 125.20
152.60 125.20
152.60 125.20
152.60 125.20
152.60 125.20
152.60 125.20
152.60 125.20
151.80 125.20
152.60 125.20
152.60 125.20
152.60 125.20
152.60 125.20
152.60 125.20
151.80 125.20
151.80 125.20
151.80 125.20
151.80 125.20
151.80 125.20
151.80 125.20
150.00 125.20
149.80 125.40
148.40 126.20
147.60 126.40
146.80 126.60
145.60 126.80
145.00 127.00
143.60 127.20
143.60 127.20
142.80 127.20
142.40 127.20
142.00 127.20
140.40 127.20
139.80 127.20
139.20 127.20
139.20 127.20
139.20 127.20
139.20 127.20
139.20 127.20
139.80 127.20
139.20 127.20
139.20 127.20
139.20 127.20
139.20 127.20
139.20 127.20
139.20 127.20
139.80 127.20
139.20 127.20
139.20 127.20
139.00 127.20
139.20 127.20
139.20 127.20
139.20 127.20
139.20 127.20
139.20 127.20
139.20 127.20
139.80 127.20
139.80 127.20
139.80 127.20
139.80 127.20
139.80 127.20
139.80 127.20
139.80 127.20
139.80 127.20
139.80 127.20
139.80 127.20
139.80 127.20
139.80 127.20
139.80 127.20
139.80 127.20
139.80 127.20
139.80 127.20
139.80 127.20
139.80 127.20
139.80 127.20
139.80 127.20
139.80 127.20
139.80 127.20
139.80 127.20
139.80 127.20
139.20 127.20
139.20 127.20
139.20 127.20
139.20 127.20
139.20 127.20
139.20 127.20
139.80 127.20
139.80 127.20
139.80 127.20
139.20 127.20
139.20 127.20
139.80 127.20
139.20 127.20
139.80 127.20
139.80 127.20
139.80 127.20
139.60 127.20
139.60 127.20
139.60 127.20
139.60 127.20
139.60 127.20
139.60 127.20
139.60 127.20
139.60 127.20
139.60 127.20
139.20 127.20
139.60 127.20
139.60 127.20
139.20 127.20
139.60 127.20
139.40 127.20
139.40 127.20
139.40 127.20
139.40 127.20
139.40 127.20
138.60 126.60
137.80 126.00
138.00 126.00
137.80 126.00
138.00 126.00
137.20 125.40
136.40 124.80
136.40 124.80
136.60 124.80
136.60 124.80
136.20 124.80
135.40 124.20
134.60 123.60
134.80 123.60
134.80 123.60
134.80 123.60
134.80 123.60
134.80 123.60
134.40 123.40
134.40 123.40
136.20 124.20
136.20 124.20
136.00 124.00
136.00 124.00
135.20 123.20
136.00 123.80
135.80 123.60
135.40 123.20
135.40 123.00
135.20 122.80
135.20 122.40
135.40 123.00
135.00 122.60
135.00 122.60
135.00 122.60
136.40 123.60
137.80 124.60
139.20 125.60
140.60 126.60
140.60 126.60
140.20 126.40
140.20 126.40
139.60 126.20
139.60 126.20
139.40 126.20
139.60 126.20
140.00 126.40
140.60 126.60
140.00 126.40
139.60 126.20
139.40 126.20
139.60 126.20
139.60 126.20
140.20 126.40
140.20 126.40
140.60 126.60
140.60 126.60
139.20 125.60
137.80 124.60
136.40 123.60
135.00 122.60
135.00 122.60
135.00 122.60
135.40 123.00
135.20 122.40
135.20 122.80
135.40 123.00
135.40 123.20
135.80 123.60
136.00 123.80
135.20 123.20
136.00 124.00
135.20 123.20
136.00 123.80
135.80 123.60
135.40 123.20
135.40 123.00
135.20 122.80
135.20 122.40
135.40 123.00
135.00 122.60
135.00 122.60
135.00 122.60
136.40 123.60
137.80 124.60
139.20 125.60
140.60 126.60
140.60 126.60
140.20 126.40
140.20 126.40
139.60 126.20
139.60 126.20
139.40 126.20
139.60 126.20
140.00 126.40
140.60 126.60
140.60 126.60
140.60 126.60
140.60 126.60
140.00 126.40
139.60 126.20
139.40 126.20
139.60 126.20
139.60 126.20
140.20 126.40
140.20 126.40
140.60 126.60
140.60 126.60
139.20 125.60
137.80 124.60
136.40 123.60
135.00 122.60
135.00 122.60
135.00 122.60
135.40 123.00
135.20 122.40
135.20 122.80
135.40 123.00
135.40 123.20
135.80 123.60
136.00 123.80
135.20 123.20
136.00 124.00
136.00 124.00
136.00 124.00
135.20 123.20
136.00 123.80
135.80 123.60
135.40 123.20
135.40 123.00
135.20 122.80
135.20 122.40
135.40 123.00
135.00 122.60
135.00 122.60
135.00 122.60
136.40 123.60
137.80 124.60
139.20 125.60
140.60 126.60
140.60 126.60
140.20 126.40
140.20 126.40
139.60 126.20
139.60 126.20
139.40 126.20
139.60 126.20
140.00 126.40
140.60 126.60
140.00 126.40
139.60 126.20
139.40 126.20
139.60 126.20
139.60 126.20
140.20 126.40
140.20 126.40
140.60 126.60
140.60 126.60
139.20 125.60
137.80 124.60
136.40 123.60
135.00 122.60
135.00 122.60
135.00 122.60
135.40 123.00
135.20 122.40
135.20 122.80
135.40 123.00
135.40 123.20
135.80 123.60
136.00 123.80
135.20 123.20
136.00 124.00
135.20 123.20
136.00 123.80
135.80 123.60
135.40 123.20
135.40 123.00
135.20 122.80
135.20 122.40
135.40 123.00
135.00 122.60
135.00 122.60
135.00 122.60
136.40 123.60
137.80 124.60
139.20 125.60
140.60 126.60
140.60 126.60
140.20 126.40
140.20 126.40
139.60 126.20
139.60 126.20
139.40 126.20
139.60 126.20
140.00 126.40
140.60 126.60
140.00 126.40
139.60 126.20
139.40 126.20
139.60 126.20
139.60 126.20
140.20 126.40
140.20 126.40
140.60 126.60
140.60 126.60
139.20 125.60
137.80 124.60
136.40 123.60
135.00 122.60
135.00 122.60
135.00 122.60
135.40 123.00
135.20 122.40
135.20 122.80
135.40 123.00
135.40 123.20
135.80 123.60
136.00 123.80
135.20 123.20
136.00 124.00
136.00 124.00
136.00 124.00
135.20 123.20
136.00 123.80
135.80 123.60
135.40 123.20
135.40 123.00
135.20 122.80
135.20 122.40
135.40 123.00
135.00 122.60
135.00 122.60
135.00 122.60
136.40 123.60
137.80 124.60
139.20 125.60
140.60 126.60
140.60 126.60
140.20 126.40
140.20 126.40
139.60 126.20
139.60 126.20
139.40 126.20
139.60 126.20
140.00 126.40
140.60 126.60
141.40 126.80
140.60 126.60
140.60 126.60
140.60 126.60
141.40 126.80
141.40 126.80
141.40 126.80
142.80 126.80
143.80 126.80
143.80 126.80
144.40 126.80
143.80 126.80
143.80 126.80
143.80 126.80
143.80 126.80
143.80 126.80
143.80 126.80
142.80 126.80
141.40 126.80
142.80 126.80
143.80 126.80
143.80 126.80
143.80 126.80
143.80 126.80
143.80 126.80
143.80 126.80
143.80 126.80
143.80 126.80
143.80 126.80
143.80 126.80
143.80 126.80
143.80 126.80
143.80 126.80
143.80 126.80
143.80 126.80
143.80 126.80
143.80 126.80
143.80 126.80
143.80 126.80
143.80 126.80
142.80 126.80
141.40 126.80
141.40 126.80
142.80 126.80
143.80 126.80
143.80 126.80
142.80 126.80
141.40 126.80
142.80 126.80
143.80 126.80
143.80 126.80
142.80 126.80
141.40 126.80
141.40 126.80
140.60 126.60
140.00 126.40
139.60 126.20
139.40 126.20
139.60 126.20
139.60 126.20
140.20 126.40
140.20 126.40
140.60 126.60
140.60 126.60
139.20 125.60
137.80 124.60
136.40 123.60
135.00 122.60
135.00 122.60
135.00 122.60
135.40 123.00
135.20 122.40
135.20 122.80
135.40 123.00
135.40 123.20
135.80 123.60
136.00 123.80
135.20 123.20
136.00 124.00
136.00 124.00
135.40 123.80
134.40 123.40
133.40 122.80
133.00 122.40
132.60 122.40
132.60 122.40
133.00 122.40
133.40 122.80
134.40 123.40
135.40 123.80
136.00 124.00
136.00 124.00
136.00 124.00
136.00 124.00
136.00 124.00
136.00 124.00
136.00 124.00
136.00 124.00
136.00 124.00
136.00 124.00
136.00 124.00
136.00 124.00
136.00 124.00
136.00 124.00
136.00 124.00
135.40 123.80
134.40 123.40
133.40 122.80
133.00 122.40
132.60 122.40
133.00 122.40
133.40 122.80
134.40 123.40
135.40 123.80
136.00 124.00
136.00 124.00
136.00 124.00
136.00 124.00
136.00 124.00
136.00 124.00
136.00 124.00
136.00 124.00
135.40 123.80
134.40 123.40
133.40 122.80
133.00 122.40
132.60 122.40
133.00 122.40
133.40 122.80
134.40 123.40
135.40 123.80
136.00 124.00
135.40 123.80
134.40 123.40
133.40 122.80
133.00 122.40
132.60 122.40
133.00 122.40
133.40 122.80
134.40 123.40
135.40 123.80
136.00 124.00
135.40 123.80
134.40 123.40
133.40 122.80
133.00 122.40
132.60 122.40
133.00 122.40
133.40 122.80
134.40 123.40
135.40 123.80
136.00 124.00
136.00 124.00
136.00 124.00
136.00 124.00
136.00 124.00
136.00 124.00
136.00 124.00
136.00 124.00
136.00 124.00
136.00 124.00
136.00 124.00
136.00 124.00
136.00 124.00
136.00 124.00
136.00 124.00
136.00 124.00
136.00 124.00
136.00 124.00
136.00 124.00
136.00 124.00
136.00 124.00
136.00 124.00
136.00 124.00
136.00 124.00
136.00 124.00
136.00 124.00
135.40 123.80
134.40 123.40
133.40 122.80
133.00 122.40
132.60 122.40
132.60 122.40
132.60 122.40
132.60 122.40
133.00 122.40
133.40 122.80
134.40 123.40
135.40 123.80
136.00 124.00
136.00 124.00
136.00 124.00
136.00 124.00
136.00 124.00
136.00 124.00
136.00 124.00
136.00 124.00
135.40 123.80
134.40 123.40
133.40 122.80
133.00 122.40
132.60 122.40
132.60 122.40
132.60 122.40
133.00 122.40
133.40 122.80
134.40 123.40
135.40 123.80
136.00 124.00
136.00 124.00
136.00 124.00
136.00 124.00
135.40 123.80
134.40 123.40
133.40 122.80
133.00 122.40
132.60 122.40
133.00 122.40
133.40 122.80
134.40 123.40
135.40 123.80
136.00 124.00
136.00 124.00
136.00 124.00
136.00 124.00
136.00 124.00
136.00 124.00
134.80 123.60
134.80 123.60
134.40 123.40
133.20 122.60
133.00 122.40
132.60 122.40
132.60 122.40
132.60 122.40
132.60 122.40
131.40 122.20
129.60 121.40
128.40 121.00
127.80 121.40
127.60 121.60
127.00 122.00
126.20 122.40
125.00 122.80
124.40 122.80
124.20 123.00
122.60 123.00
122.60 123.00
122.60 123.00
122.60 123.00
122.00 123.00
122.00 123.00
122.00 123.00
122.00 123.00
122.00 123.00
122.00 123.00
122.60 123.00
122.60 123.00
122.60 123.00
122.60 123.00
122.60 123.00
122.60 123.00
122.60 123.00
122.60 123.00
122.60 123.00
122.60 123.00
122.00 123.00
122.00 123.00
122.00 123.00
122.60 123.00
122.60 123.00
122.60 123.00
122.60 123.00
122.60 123.00
122.60 123.00
122.60 123.00
122.60 123.00
122.60 123.00
122.60 123.00
122.60 123.00
122.60 123.00
122.00 123.00
122.00 123.00
122.00 123.00
122.00 123.00
122.00 123.00
122.00 123.00
122.00 123.00
122.00 123.00
122.00 123.00
122.00 123.00
122.00 123.00
122.00 123.00
121.40 123.00
121.40 123.00
122.00 123.00
121.40 123.00
122.00 123.00
122.00 123.00
122.00 123.00
122.00 123.00
122.00 123.00
121.40 123.00
122.00 123.00
121.40 123.00
121.40 123.00
121.20 123.00
121.40 123.00
121.40 123.00
121.40 123.00
121.40 123.00
121.40 123.00
121.40 123.00
121.40 123.00
121.40 123.00
121.40 123.00
121.40 123.00
121.40 123.00
121.40 123.00
122.00 123.00
122.00 123.00
121.40 123.00
121.20 123.00
121.20 123.00
121.20 123.00
121.20 123.00
121.40 123.00
121.40 123.00
121.40 123.00
121.40 123.00
121.40 123.00
122.00 123.00
122.00 123.00
121.40 123.00
121.40 123.00
121.40 123.00
121.40 123.00
121.40 123.00
121.40 123.00
121.40 123.00
121.40 123.00
121.20 123.00
121.20 123.00
121.20 123.00
121.20 123.00
121.20 123.00
121.20 123.00
121.20 123.00
121.20 123.00
121.20 123.00
121.20 123.00
121.20 123.00
121.20 123.00
121.20 123.00
121.20 123.00
121.20 123.00
121.00 123.00
121.00 123.00
121.20 123.00
121.20 123.00
121.20 123.00
121.20 123.00
121.20 123.00
121.20 123.00
121.20 123.00
121.20 123.00
121.20 123.00
121.20 123.00
121.20 123.00
121.20 123.00
121.20 123.00
121.20 123.00
121.20 123.00
121.20 123.00
121.20 123.00
121.20 123.00
121.20 123.00
121.20 123.00
121.20 123.00
121.20 123.00
121.20 123.00
121.20 123.00
121.20 123.00
121.20 123.00
121.20 123.00
121.20 123.00
121.20 123.00
121.20 123.00
122.00 123.00
122.00 123.00
122.00 123.00
121.20 123.00
121.20 123.00
121.20 123.00
121.20 123.00
121.20 123.00
121.20 123.00
121.20 123.00
122.00 123.00
121.20 123.00
121.20 123.00
121.20 123.00
121.20 123.00
121.20 123.00
121.00 123.00
121.00 123.00
121.20 123.00
121.00 123.00
121.00 123.00
121.00 123.00
121.20 123.00
121.00 123.00
121.20 123.00
121.00 123.00
121.00 123.00
121.20 123.00
121.20 123.00
121.20 123.00
121.20 123.00
121.20 123.00
121.20 123.00
121.20 123.00
121.20 123.00
121.20 123.00
121.20 123.00
121.20 123.00
121.20 123.00
121.20 123.00
121.00 123.00
121.00 123.00
121.00 123.00
121.00 123.00
121.00 123.00
121.00 123.00
121.00 123.00
121.00 123.00
121.00 123.00
120.80 123.00
121.00 123.00
120.80 123.00
120.00 122.80
120.80 123.00
120.00 122.80
120.00 122.80
120.80 123.00
120.00 122.80
120.00 122.80
120.80 123.00
120.00 122.80
120.00 122.80
120.80 123.00
120.00 122.80
120.00 122.80
120.80 123.00
120.00 122.80
120.00 122.80
120.80 123.00
120.00 122.80
120.00 122.80
120.80 123.00
120.00 122.80
120.00 122.80
120.80 123.00
120.00 122.80
120.00 122.80
120.00 122.80
120.00 122.80
120.00 122.80
119.40 122.60
120.00 122.80
120.00 122.80
120.00 122.80
120.00 122.80
119.40 122.60
119.40 122.60
119.40 122.60
119.40 122.60
120.00 122.80
119.40 122.60
120.00 122.80
120.00 122.80
120.00 122.80
120.00 122.80
120.00 122.80
120.00 122.80
120.00 122.80
119.60 122.80
120.00 122.80
120.40 123.00
120.40 123.00
120.40 123.00
120.40 123.00
120.00 122.80
119.60 122.80
119.60 122.80
120.00 122.80
120.00 122.80
119.60 122.80
119.60 122.80
120.00 122.80
120.00 122.80
120.00 122.80
120.20 122.80
120.40 123.00
120.20 122.80
118.80 121.40
118.60 121.00
118.40 121.00
117.20 119.60
117.40 119.80
116.20 118.60
115.20 117.40
114.00 116.20
113.00 115.00
113.00 114.80
112.40 114.40
112.60 114.60
112.40 114.40
112.40 114.40
112.40 114.40
112.40 114.40
112.40 114.60
112.20 114.20
111.00 113.00
111.00 113.00
111.00 112.80
110.60 112.60
109.40 111.20
108.20 110.00
108.20 110.00
108.20 110.00
108.20 110.00
108.00 110.00
106.80 108.60
106.80 108.60
106.80 108.60
106.80 108.60
106.40 108.20
105.20 106.80
105.20 107.00
105.20 106.80
105.20 106.80
104.40 105.80
104.40 106.00
104.40 106.00
104.40 106.00
104.40 105.80
104.40 105.80
104.40 106.00
104.40 106.00
104.40 106.00
104.40 106.00
104.40 106.00
104.40 106.00
104.40 106.00
104.40 106.20
104.40 105.80
104.40 106.00
104.40 105.80
104.40 106.20
104.40 106.20
104.40 106.20
104.40 106.00
104.40 106.00
104.40 106.00
104.40 106.20
104.40 106.00
104.40 106.00
104.40 106.00
104.40 106.20
104.40 106.00
104.40 106.00
104.40 106.00
104.40 106.20
104.40 106.00
104.40 106.00
104.40 106.00
104.40 106.20
104.40 106.00
104.40 106.00
104.40 106.00
104.40 106.20
104.40 106.00
104.40 106.00
104.40 106.00
104.40 106.20
104.40 106.00
104.40 106.00
104.40 106.00
104.40 106.20
104.40 106.00
104.40 106.00
104.40 106.00
104.40 106.00
104.40 105.80
104.40 105.80
104.40 105.80
104.40 105.80
104.40 105.80
104.40 105.80
104.40 105.80
104.40 105.80
104.40 105.60
104.40 105.60
104.40 105.60
104.40 105.60
104.40 105.60
104.40 105.60
104.40 105.60
104.40 105.60
104.40 105.40
104.40 105.40
104.40 105.40
104.40 105.40
104.20 105.20
104.20 105.20
104.20 105.20
104.20 105.20
103.60 104.60
103.80 104.60
103.60 104.60
103.80 104.40
103.60 104.20
102.40 103.00
102.20 103.00
102.40 103.00
102.40 103.00
102.00 102.80
100.80 101.40
100.80 101.40
100.80 101.40
100.80 101.40
100.80 101.60
100.40 101.00
99.00 99.60
97.60 98.20
96.40 96.80
96.40 96.80
96.40 96.80
96.40 96.80
96.40 96.80
96.40 96.80
96.40 96.80
96.40 96.80
96.40 96.80
96.60 96.80
96.40 96.80
96.40 96.80
96.40 96.60
96.40 96.60
96.40 96.60
96.40 96.60
96.40 96.60
96.00 96.20
96.20 96.20
96.00 96.20
96.00 96.20
96.00 96.20
95.80 96.00
95.80 96.00
95.60 96.00
95.60 96.00
95.60 96.00
95.00 95.20
95.00 95.20
95.00 95.20
95.00 95.20
95.00 95.20
95.00 95.20
95.00 95.20
95.00 95.20
94.80 95.20
95.00 95.20
95.00 95.20
95.00 95.20
95.00 95.20
95.00 95.20
95.00 95.20
95.00 95.20
95.00 95.20
95.00 95.20
95.00 95.20
95.00 95.20
95.00 95.20
95.00 95.20
95.00 95.20
95.00 95.20
95.00 95.20
95.00 95.20
95.00 95.20
95.00 95.20
95.00 95.20
95.00 95.20
95.00 95.20
95.00 95.20
95.00 95.20
95.00 95.20
95.00 95.20
95.00 95.20
95.00 95.20
95.00 95.20
95.00 95.00
95.00 95.00
95.00 95.20
95.00 95.20
95.00 95.20
95.00 95.20
95.00 95.20
95.00 95.20
95.00 95.20
95.00 95.20
95.00 95.20
95.00 95.20
95.00 95.20
95.00 95.20
95.00 95.20
95.00 95.20
95.00 95.20
95.00 95.20
95.00 95.20
95.00 95.20
95.00 95.20
95.00 95.20
95.00 95.00
95.00 95.00
95.00 95.00
95.00 95.00
95.00 95.20
95.00 95.20
95.00 95.20
95.00 95.20
95.00 95.20
95.00 95.20
95.00 95.20
95.00 95.20
95.00 95.20
95.00 95.20
95.00 95.20
95.00 95.20
95.00 95.20
95.00 95.20
95.00 95.20
95.00 95.20
95.40 94.80
95.80 94.60
96.40 94.20
97.00 94.00
97.40 93.80
97.60 93.60
99.20 94.20
100.80 94.80
102.00 95.40
103.40 95.80
104.80 96.40
105.60 96.80
106.60 97.20
106.80 97.00
106.80 97.00
107.00 96.80
107.40 96.20
107.80 95.40
107.60 94.80
107.00 94.00
107.80 93.40
108.80 92.80
110.40 92.40
111.60 92.00
112.20 91.60
113.40 91.00
114.40 90.20
115.20 88.60
